1
3
5
7
13
21
11
23
49
19
21
49
61
29
55
65
69
131
55
61
139
131
139
131
129
147
211
267
151
199
335
175
237
511
177
217
559
407
189
803
657
187
441
765
415
433
1217
665
345
863
455
911
877
489
1293
1971
423
897
1365
1055
911
925
1817
1987
1729
851
911
2241
2361
925
1125
3559
2013
2253
4423
973
2383
4757
1077
1203
4775
2263
2075
7023
4869
991
4649
6135
1091
2067
8347
2279
4059
14059
4903
1419
8721
6177
1341
3421
8507
8499
10799
4875
14093
6257
1855
8741
10249
3367
3435
10595
9603
10815
6013
24905
6281
3839
19569
10331
4037
7485
3783
10819
13399
11493
6055
28955
7205
3865
29185
14993
4051
16005
10053
10835
18281
18991
6091
31209
17271
3933
30061
45067
4241
4239
20259
11359
10917
22235
21395
6123
35281
20713
3955
49651
52573
4263
12767
37551
11403
12141
71907
21555
7509
42811
20923
4383
54055
53519
52733
25839
17437
37595
46705
21765
71929
39857
26521
42833
45849
17171
54125
55819
74519
25999
19699
63615
47167
22201
94151
42119
26671
117373
47289
17211
91741
67545
55843
78495
61301
19721
78629
119117
22271
108265
59351
26823
122151
74133
17665
92217
159783
58117
78667
120673
33835
78699
236511
40573
108289
96967
31227
122173
85513
64975
17735
111807
280477
58267
84823
178961
34719
79617
316149
41797
108547
377465
42063
122223
164201
75913
17761
138499
334623
58289
92353
338765
34789
94631
357967
41965
114745
735453
42995
123095
287317
169091
76341
375749
146005
334709
100107
129925
338791
127027
186393
357989
59157
173033
735523
47255
246211
287549
179361
123617
377063
148279
483009
102195
130387
585023
130913
186469
645327
111911
173061
914505
64941
246233
302075
379923
179431
135041
556445
148567
487067
281647
130831
587307
718241
200549
646013
668377
191363
914657
547971
263425
302109
421909
264965
135063
677139
248695
487111
328373
265893
587595
733255
449265
647399
670465
861849
916019
548869
1135587
308513
302259
1140171
307105
135105
724415
626181
487133
408011
368109
587639
827427
1126425
647571
715553
1269881
916951
550231
1685839
319333
303645
1787763
328521
135393
1394901
645923
487177
787955
726097
587661
942193
1275013
647615
823839
1994317
917123
969545
1137913
1686785
329603
633269
1794041
330271
1104959
1447495
646279
1037429
805641
726167
1264821
1072139
1275035
1383159
1088825
1994349
1014111
1104959
1138085
1740325
1594445
635277
1797901
2128193
1115229
1451075
2386625
1109357
805839
1055791
1305415
1072179
1762189
1506797
1088847
2240603
2302883
1014143
1482445
2932137
1740603
1648581
1707467
1799899
2157159
3272399
1461681
2387713
2816835
810233
1055991
3433619
1183997
1762249
2232905
2003363
2240615
2605003
2284035
1482477
2975143
3335059
1648859
1799219
5233529
2158899
3278501
4740193
2393737
2817837
6043773
1073439
3434071
4456407
1804057
2232945
3075513
2134205
2240627
3745185
2871707
1482509
3022409
4349213
1649137
1816895
6306979
2159761
3289429
8029633
2400029
2831907
8203545
1113307
3434747
6850155
1942567
2233021
4837713
2556125
2240639
4073717
3976677
1482533
3268653
6352587
1649359
1902419
9138897
2160623
3300843
10190267
2419609
2840417
10364179
1167443
3435635
9250195
1984543
2233087
4465937
5485123
2556139
2570921
5211813
3976695
2030515
6702735
6352745
1771593
5203273
9139759
2186473
12440613
10194315
2422987
5026901
10383889
1168351
6276063
9326547
1984693
5308611
4601053
5485137
4684343
4333121
5211831
4525575
5319955
6702875
6395751
3543197
5204135
9195589
5729681
12448109
10213895
8152679
5049113
10385887
6195263
6614865
9326689
6822417
2700257
5308627
6758223
8757547
4684359
4883363
11564429
4525717
6055489
12022841
6397491
3634949
11259635
9199383
5758647
23707755
10331279
8155051
10098237
11121421
6195485
12099999
9462093
6822435
4859167
7592673
6758239
9727103
10169493
4883513
11737501
11283951
6057229
12145003
18135003
3645779
11277927
12845173
5850399
23708739
18486341
8532125
10098447
16606569
6843111
12100023
11621865
15505877
6822449
5873289
12619585
6758381
10373127
22269503
4885511
11768739
23903547
6070639
12165273
24205653
3701633
11280201
31331525
5981323
23709261
23794979
10326177
10098479
25745477
9865531
12100037
13862479
19049085
6822599
6322565
36328335
6760209
10414935
36131993
4898921
11821323
35724881
6090371
12166375
47914925
4616149
11280619
36190703
7246155
23709283
28998263
13760935
10098491
27748851
16623765
12100109
12687687
19933129
19050021
6917241
16421067
36341745
6781143
17196089
36251121
4900351
48012037
36104815
6090569
18988835
49053021
4616209
14823827
42543301
7246167
25942239
39329553
13761001
10824599
64077197
16624687
12230045
27511525
19946539
19089889
26007141
16443349
36346631
55834175
17344667
36251565
18762841
49463123
36104847
12488071
22424481
513335859
-28764499
1960393827
1325132115
-1217086133
-2008085457
1391226317
-583828867
-341877793
151301071
1908665311
1791648651
-93390427
69539875
-330629991
-1211873461
-1582145749
-630017301
1050685131
-1409410957
-1501078845
1105691269
337124705
-1992031663
-1592761137
-388967449
35468553
-225701517
-733356291
1727362919
505721501
606207855
1528287689
-751897529
-59809811
-1705189939
-275543709
-2046341029
-563098581
1262041209
-715254549
-1189328657
-251442405
-1450519189
-1740815215
269606959
1322174971
278388581
1622369209
-730132899
-74496173
-1599212007
711264537
1341672527
-6484955
-348861023
1796321613
1949644005
-1202493867
-247312849
1671233005
-1250601153
-2054362985
153137699
-39625923
1120390331
595703669
1617323417
-2000882123
385915737
557933175
-1695629411
-1326228817
-1356939703
-1754507945
1389307799
169043737
-234719269
1988639597
-1568984721
953091031
1310279093
1945391983
1188711009
-1850058773
-244746055
-1914697791
-355448605
361865055
1095730977
-1980962687
541620219
1291764085
133139121
1757518973
-1339559861
-908775215
2093891397
-1679576101
1656235461
-2144010397
-536351119
-2016723961
-1890950617
838974175
-878878739
-352061827
-249764817
1257427163
1733908259
128229409
1667138941
620791663
-290793639
-1291736689
-1286434999
1628793605
-1861421501
285025281
1733194521
-1892199061
-996488577
753095097
1821759265
672275889
1326119547
468882019
147018815
1826470163
-99015627
1919932419
1292015909
1782951675
-342273293
-92709363
-387666469
1195312897
1929459475
-1011378263
-400552861
1291620973
-1277836501
1405213575
1634529677
-732128695
293363021
-1690063585
44273939
2015025257
-1607469883
-242798019
-385237057
1071063979
1642153743
419351127
756599981
-1886436067
-1859233763
723361363
2136819785
-1287498689
-643549661
-1274206801
1142912933
-1209334523
773635461
2106331209
1342359515
-1903296079
1555861097
1634041827
-1245626637
-212829915
-1621122667
1657995957
94922273
-887345143
350951645
256353963
1488863597
1207505965
-1095618837
100213071
-761328907
383993277
-1719237647
-786949729
-627364483
-135298091
626158559
1673223077
-847466947
95676427
2055410899
-626134639
494300553
835344121
2076290163
-1995003329
-1776331451
1126963227
-108049451
-43113097
-100459269
-697191161
349757161
-1189738521
877310907
1537312879
-1631423999
1046186569
1138366415
-394886697
-453531421
2141709521
-1627515361
1985981575
145826177
-169215067
348011303
-1044509079
1996812659
-1827153517
-1847290099
-285147301
1623711829
768810977
-681292593
1438902063
-62552449
1452498975
-1951947411
-1488905813
1723179405
438841639
-359795531
-599754021
58817009
-1611778153
1600885735
-874174557
-466953745
-1653562347
364089803
-66417345
-1381539299
-47841185
-143204909
-953207721
-1349231605
-114189057
-827659
833147223
105501559
489782723
1334986877
1844468249
1703914247
1079795373
1273261339
366292327
-86882409
-609820653
91805057
461123827
-1217118591
-1656636649
1145614599
-1053841767
-1360899989
-1861412919
2089126651
-1518572491
2069288989
-1113484415
2034207985
-1767106661
-1388750667
-394305333
236710399
610868381
-1578836135
-834775221
526769945
-183183231
-896251775
2011296193
-1629074043
1070841927
985751485
1706677765
2118092369
-366931963
112056197
-1543576063
264090103
485375761
463499999
216638887
-2045771381
-993016591
-1549788977
-1417726427
1795369691
1050442281
1158090031
406470385
1399744833
-1576830363
-1678036263
-453633707
715562709
1988018131
-1579533437
-776425211
978869487
-1778195139
1888324195
-1332169177
-1949008025
-952189013
1635445257
1994553585
1527465751
1757599573
784337737
-1957406815
-1979978465
2084752063
1452060379
-1123590573
-426994657
790541067
-1831988925
1238753543
-1725514537
1263614383
-524167327
-992335751
1562437897
621561321
-1730218279
-274639945
-881984395
706120261
-1737373011
-974648879
671131331
-1687270611
2118604623
1765848565
772270775
835363383
-506339615
361139225
-65700101
1687993851
948115109
1950586647
2072046011
-1546029627
-1354659297
754230849
-1654899483
963858055
-1652632337
1869817217
-467625171
-20611049
-1481127017
1451317517
-1354801743
-381481635
-187021291
-1986512157
-25767269
341274611
-1014750277
1652345223
-1304391931
924388621
-833282531
-280603857
1481838251
-869670475
-1271055835
1082846723
-417331279
-547932817
-70666847
-1090379851
-1351004647
-827426057
16235097
-1117284403
-1341043617
1291620973
-356412095
-1692825785
-678462915
1051179717
1503427449
-620353761
-1925555471
608332255
-1660329631
1081385211
-1820614915
-1164096579
-828368177
1344815159
1158731593
818173407
-1135261403
959215545
-389846277
-1836792299
1597691221
1972770067
1603180547
-122343245
-1137588219
-1988626225
-1717567463
891286533
1626008113
1731611111
1093219643
-837194535
-1684094109
-1426136687
988296935
301173175
1307265901
-887578121
-767869037
950422429
745535253
444460207
915357361
-1607479589
1565868453
-584818091
1423265031
784162995
742651881
-1121657781
-1455898691
1701379445
-398839329
118167347
-187354645
1518012999
-1184481835
-1282981517
-929031463
-1302496089
442470439
-682201093
1186399467
1156515471
42502797
-1042741649
1298755429
-1728783233
2053906881
-2135978211
2119205391
1485072267
-420339417
-462921479
-1164484787
1835203393
-650996277
240530711
-567374773
-1451674227
738735181
1872071301
-1271866177
55490681
-1136486639
1004217739
1030716587
471049361
-657070711
1268450775
-1293369035
1080747599
-1730065859
-353647169
-1345302589
268021369
-1300589411
359326013
-1149547911
944430731
1192443321
1002394213
-1067089717
870717639
-117161341
1283587819
1670610273
480148185
1472929001
-1218839043
1266315069
-856826827
-1493969999
-471514035
-1638690491
1378820901
-142487537
214623353
-688902111
1576454797
-1518968485
1033310883
1819229747
-2046110329
-1616697185
1471091921
-1910463693
696349239
-65437363
-1695761439
-1245118947
-31059403
1441861703
213614495
-617491919
123516313
-417938591
2114858271
-2099380543
-1831739559
-1139024669
-2065173123
1131048291
-719554993
-1369729439
521021531
-633601205
826050205
217391113
-1810019379
2110163393
1073454245
-1288428961
-1242998193
-415134651
1164912251
-115121797
-702784859
-1547804373
380978891
61823663
-2020602307
-902714595
655270839
56601137
-1445370873
1115144547
-1572132419
-1946601959
1675119969
-79650753
-1369544743
429128133
225137365
1421190581
1757164817
2077350175
1393343345
546598701
-2102424951
591171075
-1411831377
1013412993
-1748078651
-1765460243
1337631811
-2054659747
-1770213359
-2129144053
15944347
332725899
926597577
746825031
-709430617
-205594473
-318717931
-2003437255
-387612361
-1647211023
-1721412077
-1140266599
1410011991
861257629
-1257073595
1091144099
537563775
1454899157
753835275
-1200275385
-459822713
-1262164841
1546638215
-120621731
-430288401
1951265729
-696373261
-1906592943
1470126723
437008199
1237105047
1838030649
752757537
839910073
974091081
767398787
95800091
-1778448093
930179267
1752887343
-620669817
1437551783
901765857
-182057761
-1886375119
480785901
-1890412191
945090153
-361337053
2043935749
1962360021
-1880994885
-1676381081
-1891327545
1949616847
560542393
-1855120999
-1710997081
261793887
335552219
-748865299
869376159
-1498026551
1475738141
524084703
-544608279
256011725
88899265
-1096137679
784407651
-190932961
-1409763551
1678278401
1669726935
-1365352541
874239085
1606500499
808969881
1515562937
432971609
