1 1 1
1 2 2
1 3 3
1 4 4
1 5 5
1 6 6
1 7 7
1 8 8
1 9 8
1 10 9
1 11 10
1 12 11
1 13 12
1 14 13
1 15 13
1 16 13
1 17 14
1 18 15
1 19 16
1 20 17
1 21 17
1 22 18
1 23 19
1 24 19
1 25 19
1 26 20
1 27 20
1 28 21
1 29 22
1 30 23
1 31 24
1 32 24
1 33 24
1 34 25
1 35 25
1 36 25
1 37 26
1 38 27
1 39 27
1 40 27
1 41 28
1 42 29
1 43 30
1 44 31
1 45 31
1 46 32
1 47 33
1 48 33
1 49 33
1 50 34
1 51 34
1 52 35
1 53 36
1 54 37
1 55 37
1 56 37
1 57 37
1 58 38
1 59 39
1 60 39
1 61 40
1 62 41
1 63 41
1 64 41
1 65 41
1 66 42
1 67 43
1 68 44
1 69 44
1 70 45
1 71 46
1 72 46
1 73 47
1 74 48
1 75 48
1 76 49
1 77 49
1 78 50
1 79 51
1 80 51
1 81 51
1 82 52
1 83 53
1 84 53
1 85 53
1 86 54
1 87 54
1 88 54
1 89 55
1 90 56
1 91 56
1 92 57
1 93 57
1 94 58
1 95 58
1 96 58
1 97 59
1 98 60
1 99 60
1 100 60
2 2 1
2 3 2
2 4 3
2 5 4
2 6 5
2 7 6
2 8 7
2 9 7
2 10 8
2 11 9
2 12 10
2 13 11
2 14 12
2 15 12
2 16 12
2 17 13
2 18 14
2 19 15
2 20 16
2 21 16
2 22 17
2 23 18
2 24 18
2 25 18
2 26 19
2 27 19
2 28 20
2 29 21
2 30 22
2 31 23
2 32 23
2 33 23
2 34 24
2 35 24
2 36 24
2 37 25
2 38 26
2 39 26
2 40 26
2 41 27
2 42 28
2 43 29
2 44 30
2 45 30
2 46 31
2 47 32
2 48 32
2 49 32
2 50 33
2 51 33
2 52 34
2 53 35
2 54 36
2 55 36
2 56 36
2 57 36
2 58 37
2 59 38
2 60 38
2 61 39
2 62 40
2 63 40
2 64 40
2 65 40
2 66 41
2 67 42
2 68 43
2 69 43
2 70 44
2 71 45
2 72 45
2 73 46
2 74 47
2 75 47
2 76 48
2 77 48
2 78 49
2 79 50
2 80 50
2 81 50
2 82 51
2 83 52
2 84 52
2 85 52
2 86 53
2 87 53
2 88 53
2 89 54
2 90 55
2 91 55
2 92 56
2 93 56
2 94 57
2 95 57
2 96 57
2 97 58
2 98 59
2 99 59
2 100 59
3 3 1
3 4 2
3 5 3
3 6 4
3 7 5
3 8 6
3 9 6
3 10 7
3 11 8
3 12 9
3 13 10
3 14 11
3 15 11
3 16 11
3 17 12
3 18 13
3 19 14
3 20 15
3 21 15
3 22 16
3 23 17
3 24 17
3 25 17
3 26 18
3 27 18
3 28 19
3 29 20
3 30 21
3 31 22
3 32 22
3 33 22
3 34 23
3 35 23
3 36 23
3 37 24
3 38 25
3 39 25
3 40 25
3 41 26
3 42 27
3 43 28
3 44 29
3 45 29
3 46 30
3 47 31
3 48 31
3 49 31
3 50 32
3 51 32
3 52 33
3 53 34
3 54 35
3 55 35
3 56 35
3 57 35
3 58 36
3 59 37
3 60 37
3 61 38
3 62 39
3 63 39
3 64 39
3 65 39
3 66 40
3 67 41
3 68 42
3 69 42
3 70 43
3 71 44
3 72 44
3 73 45
3 74 46
3 75 46
3 76 47
3 77 47
3 78 48
3 79 49
3 80 49
3 81 49
3 82 50
3 83 51
3 84 51
3 85 51
3 86 52
3 87 52
3 88 52
3 89 53
3 90 54
3 91 54
3 92 55
3 93 55
3 94 56
3 95 56
3 96 56
3 97 57
3 98 58
3 99 58
3 100 58
4 4 1
4 5 2
4 6 3
4 7 4
4 8 5
4 9 5
4 10 6
4 11 7
4 12 8
4 13 9
4 14 10
4 15 10
4 16 10
4 17 11
4 18 12
4 19 13
4 20 14
4 21 14
4 22 15
4 23 16
4 24 16
4 25 16
4 26 17
4 27 17
4 28 18
4 29 19
4 30 20
4 31 21
4 32 21
4 33 21
4 34 22
4 35 22
4 36 22
4 37 23
4 38 24
4 39 24
4 40 24
4 41 25
4 42 26
4 43 27
4 44 28
4 45 28
4 46 29
4 47 30
4 48 30
4 49 30
4 50 31
4 51 31
4 52 32
4 53 33
4 54 34
4 55 34
4 56 34
4 57 34
4 58 35
4 59 36
4 60 36
4 61 37
4 62 38
4 63 38
4 64 38
4 65 38
4 66 39
4 67 40
4 68 41
4 69 41
4 70 42
4 71 43
4 72 43
4 73 44
4 74 45
4 75 45
4 76 46
4 77 46
4 78 47
4 79 48
4 80 48
4 81 48
4 82 49
4 83 50
4 84 50
4 85 50
4 86 51
4 87 51
4 88 51
4 89 52
4 90 53
4 91 53
4 92 54
4 93 54
4 94 55
4 95 55
4 96 55
4 97 56
4 98 57
4 99 57
4 100 57
5 5 1
5 6 2
5 7 3
5 8 4
5 9 4
5 10 5
5 11 6
5 12 7
5 13 8
5 14 9
5 15 9
5 16 9
5 17 10
5 18 11
5 19 12
5 20 13
5 21 13
5 22 14
5 23 15
5 24 15
5 25 15
5 26 16
5 27 16
5 28 17
5 29 18
5 30 19
5 31 20
5 32 20
5 33 20
5 34 21
5 35 21
5 36 21
5 37 22
5 38 23
5 39 23
5 40 23
5 41 24
5 42 25
5 43 26
5 44 27
5 45 27
5 46 28
5 47 29
5 48 29
5 49 29
5 50 30
5 51 30
5 52 31
5 53 32
5 54 33
5 55 33
5 56 33
5 57 33
5 58 34
5 59 35
5 60 35
5 61 36
5 62 37
5 63 37
5 64 37
5 65 37
5 66 38
5 67 39
5 68 40
5 69 40
5 70 41
5 71 42
5 72 42
5 73 43
5 74 44
5 75 44
5 76 45
5 77 45
5 78 46
5 79 47
5 80 47
5 81 47
5 82 48
5 83 49
5 84 49
5 85 49
5 86 50
5 87 50
5 88 50
5 89 51
5 90 52
5 91 52
5 92 53
5 93 53
5 94 54
5 95 54
5 96 54
5 97 55
5 98 56
5 99 56
5 100 56
6 6 1
6 7 2
6 8 3
6 9 3
6 10 4
6 11 5
6 12 6
6 13 7
6 14 8
6 15 8
6 16 8
6 17 9
6 18 10
6 19 11
6 20 12
6 21 12
6 22 13
6 23 14
6 24 14
6 25 14
6 26 15
6 27 15
6 28 16
6 29 17
6 30 18
6 31 19
6 32 19
6 33 19
6 34 20
6 35 20
6 36 20
6 37 21
6 38 22
6 39 22
6 40 22
6 41 23
6 42 24
6 43 25
6 44 26
6 45 26
6 46 27
6 47 28
6 48 28
6 49 28
6 50 29
6 51 29
6 52 30
6 53 31
6 54 32
6 55 32
6 56 32
6 57 32
6 58 33
6 59 34
6 60 34
6 61 35
6 62 36
6 63 36
6 64 36
6 65 36
6 66 37
6 67 38
6 68 39
6 69 39
6 70 40
6 71 41
6 72 41
6 73 42
6 74 43
6 75 43
6 76 44
6 77 44
6 78 45
6 79 46
6 80 46
6 81 46
6 82 47
6 83 48
6 84 48
6 85 48
6 86 49
6 87 49
6 88 49
6 89 50
6 90 51
6 91 51
6 92 52
6 93 52
6 94 53
6 95 53
6 96 53
6 97 54
6 98 55
6 99 55
6 100 55
7 7 1
7 8 2
7 9 2
7 10 3
7 11 4
7 12 5
7 13 6
7 14 7
7 15 7
7 16 7
7 17 8
7 18 9
7 19 10
7 20 11
7 21 11
7 22 12
7 23 13
7 24 13
7 25 13
7 26 14
7 27 14
7 28 15
7 29 16
7 30 17
7 31 18
7 32 18
7 33 18
7 34 19
7 35 19
7 36 19
7 37 20
7 38 21
7 39 21
7 40 21
7 41 22
7 42 23
7 43 24
7 44 25
7 45 25
7 46 26
7 47 27
7 48 27
7 49 27
7 50 28
7 51 28
7 52 29
7 53 30
7 54 31
7 55 31
7 56 31
7 57 31
7 58 32
7 59 33
7 60 33
7 61 34
7 62 35
7 63 35
7 64 35
7 65 35
7 66 36
7 67 37
7 68 38
7 69 38
7 70 39
7 71 40
7 72 40
7 73 41
7 74 42
7 75 42
7 76 43
7 77 43
7 78 44
7 79 45
7 80 45
7 81 45
7 82 46
7 83 47
7 84 47
7 85 47
7 86 48
7 87 48
7 88 48
7 89 49
7 90 50
7 91 50
7 92 51
7 93 51
7 94 52
7 95 52
7 96 52
7 97 53
7 98 54
7 99 54
7 100 54
8 8 1
8 9 1
8 10 2
8 11 3
8 12 4
8 13 5
8 14 6
8 15 6
8 16 6
8 17 7
8 18 8
8 19 9
8 20 10
8 21 10
8 22 11
8 23 12
8 24 12
8 25 12
8 26 13
8 27 13
8 28 14
8 29 15
8 30 16
8 31 17
8 32 17
8 33 17
8 34 18
8 35 18
8 36 18
8 37 19
8 38 20
8 39 20
8 40 20
8 41 21
8 42 22
8 43 23
8 44 24
8 45 24
8 46 25
8 47 26
8 48 26
8 49 26
8 50 27
8 51 27
8 52 28
8 53 29
8 54 30
8 55 30
8 56 30
8 57 30
8 58 31
8 59 32
8 60 32
8 61 33
8 62 34
8 63 34
8 64 34
8 65 34
8 66 35
8 67 36
8 68 37
8 69 37
8 70 38
8 71 39
8 72 39
8 73 40
8 74 41
8 75 41
8 76 42
8 77 42
8 78 43
8 79 44
8 80 44
8 81 44
8 82 45
8 83 46
8 84 46
8 85 46
8 86 47
8 87 47
8 88 47
8 89 48
8 90 49
8 91 49
8 92 50
8 93 50
8 94 51
8 95 51
8 96 51
8 97 52
8 98 53
8 99 53
8 100 53
9 9 0
9 10 1
9 11 2
9 12 3
9 13 4
9 14 5
9 15 5
9 16 5
9 17 6
9 18 7
9 19 8
9 20 9
9 21 9
9 22 10
9 23 11
9 24 11
9 25 11
9 26 12
9 27 12
9 28 13
9 29 14
9 30 15
9 31 16
9 32 16
9 33 16
9 34 17
9 35 17
9 36 17
9 37 18
9 38 19
9 39 19
9 40 19
9 41 20
9 42 21
9 43 22
9 44 23
9 45 23
9 46 24
9 47 25
9 48 25
9 49 25
9 50 26
9 51 26
9 52 27
9 53 28
9 54 29
9 55 29
9 56 29
9 57 29
9 58 30
9 59 31
9 60 31
9 61 32
9 62 33
9 63 33
9 64 33
9 65 33
9 66 34
9 67 35
9 68 36
9 69 36
9 70 37
9 71 38
9 72 38
9 73 39
9 74 40
9 75 40
9 76 41
9 77 41
9 78 42
9 79 43
9 80 43
9 81 43
9 82 44
9 83 45
9 84 45
9 85 45
9 86 46
9 87 46
9 88 46
9 89 47
9 90 48
9 91 48
9 92 49
9 93 49
9 94 50
9 95 50
9 96 50
9 97 51
9 98 52
9 99 52
9 100 52
10 10 1
10 11 2
10 12 3
10 13 4
10 14 5
10 15 5
10 16 5
10 17 6
10 18 7
10 19 8
10 20 9
10 21 9
10 22 10
10 23 11
10 24 11
10 25 11
10 26 12
10 27 12
10 28 13
10 29 14
10 30 15
10 31 16
10 32 16
10 33 16
10 34 17
10 35 17
10 36 17
10 37 18
10 38 19
10 39 19
10 40 19
10 41 20
10 42 21
10 43 22
10 44 23
10 45 23
10 46 24
10 47 25
10 48 25
10 49 25
10 50 26
10 51 26
10 52 27
10 53 28
10 54 29
10 55 29
10 56 29
10 57 29
10 58 30
10 59 31
10 60 31
10 61 32
10 62 33
10 63 33
10 64 33
10 65 33
10 66 34
10 67 35
10 68 36
10 69 36
10 70 37
10 71 38
10 72 38
10 73 39
10 74 40
10 75 40
10 76 41
10 77 41
10 78 42
10 79 43
10 80 43
10 81 43
10 82 44
10 83 45
10 84 45
10 85 45
10 86 46
10 87 46
10 88 46
10 89 47
10 90 48
10 91 48
10 92 49
10 93 49
10 94 50
10 95 50
10 96 50
10 97 51
10 98 52
10 99 52
10 100 52
11 11 1
11 12 2
11 13 3
11 14 4
11 15 4
11 16 4
11 17 5
11 18 6
11 19 7
11 20 8
11 21 8
11 22 9
11 23 10
11 24 10
11 25 10
11 26 11
11 27 11
11 28 12
11 29 13
11 30 14
11 31 15
11 32 15
11 33 15
11 34 16
11 35 16
11 36 16
11 37 17
11 38 18
11 39 18
11 40 18
11 41 19
11 42 20
11 43 21
11 44 22
11 45 22
11 46 23
11 47 24
11 48 24
11 49 24
11 50 25
11 51 25
11 52 26
11 53 27
11 54 28
11 55 28
11 56 28
11 57 28
11 58 29
11 59 30
11 60 30
11 61 31
11 62 32
11 63 32
11 64 32
11 65 32
11 66 33
11 67 34
11 68 35
11 69 35
11 70 36
11 71 37
11 72 37
11 73 38
11 74 39
11 75 39
11 76 40
11 77 40
11 78 41
11 79 42
11 80 42
11 81 42
11 82 43
11 83 44
11 84 44
11 85 44
11 86 45
11 87 45
11 88 45
11 89 46
11 90 47
11 91 47
11 92 48
11 93 48
11 94 49
11 95 49
11 96 49
11 97 50
11 98 51
11 99 51
11 100 51
12 12 1
12 13 2
12 14 3
12 15 3
12 16 3
12 17 4
12 18 5
12 19 6
12 20 7
12 21 7
12 22 8
12 23 9
12 24 9
12 25 9
12 26 10
12 27 10
12 28 11
12 29 12
12 30 13
12 31 14
12 32 14
12 33 14
12 34 15
12 35 15
12 36 15
12 37 16
12 38 17
12 39 17
12 40 17
12 41 18
12 42 19
12 43 20
12 44 21
12 45 21
12 46 22
12 47 23
12 48 23
12 49 23
12 50 24
12 51 24
12 52 25
12 53 26
12 54 27
12 55 27
12 56 27
12 57 27
12 58 28
12 59 29
12 60 29
12 61 30
12 62 31
12 63 31
12 64 31
12 65 31
12 66 32
12 67 33
12 68 34
12 69 34
12 70 35
12 71 36
12 72 36
12 73 37
12 74 38
12 75 38
12 76 39
12 77 39
12 78 40
12 79 41
12 80 41
12 81 41
12 82 42
12 83 43
12 84 43
12 85 43
12 86 44
12 87 44
12 88 44
12 89 45
12 90 46
12 91 46
12 92 47
12 93 47
12 94 48
12 95 48
12 96 48
12 97 49
12 98 50
12 99 50
12 100 50
13 13 1
13 14 2
13 15 2
13 16 2
13 17 3
13 18 4
13 19 5
13 20 6
13 21 6
13 22 7
13 23 8
13 24 8
13 25 8
13 26 9
13 27 9
13 28 10
13 29 11
13 30 12
13 31 13
13 32 13
13 33 13
13 34 14
13 35 14
13 36 14
13 37 15
13 38 16
13 39 16
13 40 16
13 41 17
13 42 18
13 43 19
13 44 20
13 45 20
13 46 21
13 47 22
13 48 22
13 49 22
13 50 23
13 51 23
13 52 24
13 53 25
13 54 26
13 55 26
13 56 26
13 57 26
13 58 27
13 59 28
13 60 28
13 61 29
13 62 30
13 63 30
13 64 30
13 65 30
13 66 31
13 67 32
13 68 33
13 69 33
13 70 34
13 71 35
13 72 35
13 73 36
13 74 37
13 75 37
13 76 38
13 77 38
13 78 39
13 79 40
13 80 40
13 81 40
13 82 41
13 83 42
13 84 42
13 85 42
13 86 43
13 87 43
13 88 43
13 89 44
13 90 45
13 91 45
13 92 46
13 93 46
13 94 47
13 95 47
13 96 47
13 97 48
13 98 49
13 99 49
13 100 49
14 14 1
14 15 1
14 16 1
14 17 2
14 18 3
14 19 4
14 20 5
14 21 5
14 22 6
14 23 7
14 24 7
14 25 7
14 26 8
14 27 8
14 28 9
14 29 10
14 30 11
14 31 12
14 32 12
14 33 12
14 34 13
14 35 13
14 36 13
14 37 14
14 38 15
14 39 15
14 40 15
14 41 16
14 42 17
14 43 18
14 44 19
14 45 19
14 46 20
14 47 21
14 48 21
14 49 21
14 50 22
14 51 22
14 52 23
14 53 24
14 54 25
14 55 25
14 56 25
14 57 25
14 58 26
14 59 27
14 60 27
14 61 28
14 62 29
14 63 29
14 64 29
14 65 29
14 66 30
14 67 31
14 68 32
14 69 32
14 70 33
14 71 34
14 72 34
14 73 35
14 74 36
14 75 36
14 76 37
14 77 37
14 78 38
14 79 39
14 80 39
14 81 39
14 82 40
14 83 41
14 84 41
14 85 41
14 86 42
14 87 42
14 88 42
14 89 43
14 90 44
14 91 44
14 92 45
14 93 45
14 94 46
14 95 46
14 96 46
14 97 47
14 98 48
14 99 48
14 100 48
15 15 0
15 16 0
15 17 1
15 18 2
15 19 3
15 20 4
15 21 4
15 22 5
15 23 6
15 24 6
15 25 6
15 26 7
15 27 7
15 28 8
15 29 9
15 30 10
15 31 11
15 32 11
15 33 11
15 34 12
15 35 12
15 36 12
15 37 13
15 38 14
15 39 14
15 40 14
15 41 15
15 42 16
15 43 17
15 44 18
15 45 18
15 46 19
15 47 20
15 48 20
15 49 20
15 50 21
15 51 21
15 52 22
15 53 23
15 54 24
15 55 24
15 56 24
15 57 24
15 58 25
15 59 26
15 60 26
15 61 27
15 62 28
15 63 28
15 64 28
15 65 28
15 66 29
15 67 30
15 68 31
15 69 31
15 70 32
15 71 33
15 72 33
15 73 34
15 74 35
15 75 35
15 76 36
15 77 36
15 78 37
15 79 38
15 80 38
15 81 38
15 82 39
15 83 40
15 84 40
15 85 40
15 86 41
15 87 41
15 88 41
15 89 42
15 90 43
15 91 43
15 92 44
15 93 44
15 94 45
15 95 45
15 96 45
15 97 46
15 98 47
15 99 47
15 100 47
16 16 0
16 17 1
16 18 2
16 19 3
16 20 4
16 21 4
16 22 5
16 23 6
16 24 6
16 25 6
16 26 7
16 27 7
16 28 8
16 29 9
16 30 10
16 31 11
16 32 11
16 33 11
16 34 12
16 35 12
16 36 12
16 37 13
16 38 14
16 39 14
16 40 14
16 41 15
16 42 16
16 43 17
16 44 18
16 45 18
16 46 19
16 47 20
16 48 20
16 49 20
16 50 21
16 51 21
16 52 22
16 53 23
16 54 24
16 55 24
16 56 24
16 57 24
16 58 25
16 59 26
16 60 26
16 61 27
16 62 28
16 63 28
16 64 28
16 65 28
16 66 29
16 67 30
16 68 31
16 69 31
16 70 32
16 71 33
16 72 33
16 73 34
16 74 35
16 75 35
16 76 36
16 77 36
16 78 37
16 79 38
16 80 38
16 81 38
16 82 39
16 83 40
16 84 40
16 85 40
16 86 41
16 87 41
16 88 41
16 89 42
16 90 43
16 91 43
16 92 44
16 93 44
16 94 45
16 95 45
16 96 45
16 97 46
16 98 47
16 99 47
16 100 47
17 17 1
17 18 2
17 19 3
17 20 4
17 21 4
17 22 5
17 23 6
17 24 6
17 25 6
17 26 7
17 27 7
17 28 8
17 29 9
17 30 10
17 31 11
17 32 11
17 33 11
17 34 12
17 35 12
17 36 12
17 37 13
17 38 14
17 39 14
17 40 14
17 41 15
17 42 16
17 43 17
17 44 18
17 45 18
17 46 19
17 47 20
17 48 20
17 49 20
17 50 21
17 51 21
17 52 22
17 53 23
17 54 24
17 55 24
17 56 24
17 57 24
17 58 25
17 59 26
17 60 26
17 61 27
17 62 28
17 63 28
17 64 28
17 65 28
17 66 29
17 67 30
17 68 31
17 69 31
17 70 32
17 71 33
17 72 33
17 73 34
17 74 35
17 75 35
17 76 36
17 77 36
17 78 37
17 79 38
17 80 38
17 81 38
17 82 39
17 83 40
17 84 40
17 85 40
17 86 41
17 87 41
17 88 41
17 89 42
17 90 43
17 91 43
17 92 44
17 93 44
17 94 45
17 95 45
17 96 45
17 97 46
17 98 47
17 99 47
17 100 47
18 18 1
18 19 2
18 20 3
18 21 3
18 22 4
18 23 5
18 24 5
18 25 5
18 26 6
18 27 6
18 28 7
18 29 8
18 30 9
18 31 10
18 32 10
18 33 10
18 34 11
18 35 11
18 36 11
18 37 12
18 38 13
18 39 13
18 40 13
18 41 14
18 42 15
18 43 16
18 44 17
18 45 17
18 46 18
18 47 19
18 48 19
18 49 19
18 50 20
18 51 20
18 52 21
18 53 22
18 54 23
18 55 23
18 56 23
18 57 23
18 58 24
18 59 25
18 60 25
18 61 26
18 62 27
18 63 27
18 64 27
18 65 27
18 66 28
18 67 29
18 68 30
18 69 30
18 70 31
18 71 32
18 72 32
18 73 33
18 74 34
18 75 34
18 76 35
18 77 35
18 78 36
18 79 37
18 80 37
18 81 37
18 82 38
18 83 39
18 84 39
18 85 39
18 86 40
18 87 40
18 88 40
18 89 41
18 90 42
18 91 42
18 92 43
18 93 43
18 94 44
18 95 44
18 96 44
18 97 45
18 98 46
18 99 46
18 100 46
19 19 1
19 20 2
19 21 2
19 22 3
19 23 4
19 24 4
19 25 4
19 26 5
19 27 5
19 28 6
19 29 7
19 30 8
19 31 9
19 32 9
19 33 9
19 34 10
19 35 10
19 36 10
19 37 11
19 38 12
19 39 12
19 40 12
19 41 13
19 42 14
19 43 15
19 44 16
19 45 16
19 46 17
19 47 18
19 48 18
19 49 18
19 50 19
19 51 19
19 52 20
19 53 21
19 54 22
19 55 22
19 56 22
19 57 22
19 58 23
19 59 24
19 60 24
19 61 25
19 62 26
19 63 26
19 64 26
19 65 26
19 66 27
19 67 28
19 68 29
19 69 29
19 70 30
19 71 31
19 72 31
19 73 32
19 74 33
19 75 33
19 76 34
19 77 34
19 78 35
19 79 36
19 80 36
19 81 36
19 82 37
19 83 38
19 84 38
19 85 38
19 86 39
19 87 39
19 88 39
19 89 40
19 90 41
19 91 41
19 92 42
19 93 42
19 94 43
19 95 43
19 96 43
19 97 44
19 98 45
19 99 45
19 100 45
20 20 1
20 21 1
20 22 2
20 23 3
20 24 3
20 25 3
20 26 4
20 27 4
20 28 5
20 29 6
20 30 7
20 31 8
20 32 8
20 33 8
20 34 9
20 35 9
20 36 9
20 37 10
20 38 11
20 39 11
20 40 11
20 41 12
20 42 13
20 43 14
20 44 15
20 45 15
20 46 16
20 47 17
20 48 17
20 49 17
20 50 18
20 51 18
20 52 19
20 53 20
20 54 21
20 55 21
20 56 21
20 57 21
20 58 22
20 59 23
20 60 23
20 61 24
20 62 25
20 63 25
20 64 25
20 65 25
20 66 26
20 67 27
20 68 28
20 69 28
20 70 29
20 71 30
20 72 30
20 73 31
20 74 32
20 75 32
20 76 33
20 77 33
20 78 34
20 79 35
20 80 35
20 81 35
20 82 36
20 83 37
20 84 37
20 85 37
20 86 38
20 87 38
20 88 38
20 89 39
20 90 40
20 91 40
20 92 41
20 93 41
20 94 42
20 95 42
20 96 42
20 97 43
20 98 44
20 99 44
20 100 44
21 21 0
21 22 1
21 23 2
21 24 2
21 25 2
21 26 3
21 27 3
21 28 4
21 29 5
21 30 6
21 31 7
21 32 7
21 33 7
21 34 8
21 35 8
21 36 8
21 37 9
21 38 10
21 39 10
21 40 10
21 41 11
21 42 12
21 43 13
21 44 14
21 45 14
21 46 15
21 47 16
21 48 16
21 49 16
21 50 17
21 51 17
21 52 18
21 53 19
21 54 20
21 55 20
21 56 20
21 57 20
21 58 21
21 59 22
21 60 22
21 61 23
21 62 24
21 63 24
21 64 24
21 65 24
21 66 25
21 67 26
21 68 27
21 69 27
21 70 28
21 71 29
21 72 29
21 73 30
21 74 31
21 75 31
21 76 32
21 77 32
21 78 33
21 79 34
21 80 34
21 81 34
21 82 35
21 83 36
21 84 36
21 85 36
21 86 37
21 87 37
21 88 37
21 89 38
21 90 39
21 91 39
21 92 40
21 93 40
21 94 41
21 95 41
21 96 41
21 97 42
21 98 43
21 99 43
21 100 43
22 22 1
22 23 2
22 24 2
22 25 2
22 26 3
22 27 3
22 28 4
22 29 5
22 30 6
22 31 7
22 32 7
22 33 7
22 34 8
22 35 8
22 36 8
22 37 9
22 38 10
22 39 10
22 40 10
22 41 11
22 42 12
22 43 13
22 44 14
22 45 14
22 46 15
22 47 16
22 48 16
22 49 16
22 50 17
22 51 17
22 52 18
22 53 19
22 54 20
22 55 20
22 56 20
22 57 20
22 58 21
22 59 22
22 60 22
22 61 23
22 62 24
22 63 24
22 64 24
22 65 24
22 66 25
22 67 26
22 68 27
22 69 27
22 70 28
22 71 29
22 72 29
22 73 30
22 74 31
22 75 31
22 76 32
22 77 32
22 78 33
22 79 34
22 80 34
22 81 34
22 82 35
22 83 36
22 84 36
22 85 36
22 86 37
22 87 37
22 88 37
22 89 38
22 90 39
22 91 39
22 92 40
22 93 40
22 94 41
22 95 41
22 96 41
22 97 42
22 98 43
22 99 43
22 100 43
23 23 1
23 24 1
23 25 1
23 26 2
23 27 2
23 28 3
23 29 4
23 30 5
23 31 6
23 32 6
23 33 6
23 34 7
23 35 7
23 36 7
23 37 8
23 38 9
23 39 9
23 40 9
23 41 10
23 42 11
23 43 12
23 44 13
23 45 13
23 46 14
23 47 15
23 48 15
23 49 15
23 50 16
23 51 16
23 52 17
23 53 18
23 54 19
23 55 19
23 56 19
23 57 19
23 58 20
23 59 21
23 60 21
23 61 22
23 62 23
23 63 23
23 64 23
23 65 23
23 66 24
23 67 25
23 68 26
23 69 26
23 70 27
23 71 28
23 72 28
23 73 29
23 74 30
23 75 30
23 76 31
23 77 31
23 78 32
23 79 33
23 80 33
23 81 33
23 82 34
23 83 35
23 84 35
23 85 35
23 86 36
23 87 36
23 88 36
23 89 37
23 90 38
23 91 38
23 92 39
23 93 39
23 94 40
23 95 40
23 96 40
23 97 41
23 98 42
23 99 42
23 100 42
24 24 0
24 25 0
24 26 1
24 27 1
24 28 2
24 29 3
24 30 4
24 31 5
24 32 5
24 33 5
24 34 6
24 35 6
24 36 6
24 37 7
24 38 8
24 39 8
24 40 8
24 41 9
24 42 10
24 43 11
24 44 12
24 45 12
24 46 13
24 47 14
24 48 14
24 49 14
24 50 15
24 51 15
24 52 16
24 53 17
24 54 18
24 55 18
24 56 18
24 57 18
24 58 19
24 59 20
24 60 20
24 61 21
24 62 22
24 63 22
24 64 22
24 65 22
24 66 23
24 67 24
24 68 25
24 69 25
24 70 26
24 71 27
24 72 27
24 73 28
24 74 29
24 75 29
24 76 30
24 77 30
24 78 31
24 79 32
24 80 32
24 81 32
24 82 33
24 83 34
24 84 34
24 85 34
24 86 35
24 87 35
24 88 35
24 89 36
24 90 37
24 91 37
24 92 38
24 93 38
24 94 39
24 95 39
24 96 39
24 97 40
24 98 41
24 99 41
24 100 41
25 25 0
25 26 1
25 27 1
25 28 2
25 29 3
25 30 4
25 31 5
25 32 5
25 33 5
25 34 6
25 35 6
25 36 6
25 37 7
25 38 8
25 39 8
25 40 8
25 41 9
25 42 10
25 43 11
25 44 12
25 45 12
25 46 13
25 47 14
25 48 14
25 49 14
25 50 15
25 51 15
25 52 16
25 53 17
25 54 18
25 55 18
25 56 18
25 57 18
25 58 19
25 59 20
25 60 20
25 61 21
25 62 22
25 63 22
25 64 22
25 65 22
25 66 23
25 67 24
25 68 25
25 69 25
25 70 26
25 71 27
25 72 27
25 73 28
25 74 29
25 75 29
25 76 30
25 77 30
25 78 31
25 79 32
25 80 32
25 81 32
25 82 33
25 83 34
25 84 34
25 85 34
25 86 35
25 87 35
25 88 35
25 89 36
25 90 37
25 91 37
25 92 38
25 93 38
25 94 39
25 95 39
25 96 39
25 97 40
25 98 41
25 99 41
25 100 41
26 26 1
26 27 1
26 28 2
26 29 3
26 30 4
26 31 5
26 32 5
26 33 5
26 34 6
26 35 6
26 36 6
26 37 7
26 38 8
26 39 8
26 40 8
26 41 9
26 42 10
26 43 11
26 44 12
26 45 12
26 46 13
26 47 14
26 48 14
26 49 14
26 50 15
26 51 15
26 52 16
26 53 17
26 54 18
26 55 18
26 56 18
26 57 18
26 58 19
26 59 20
26 60 20
26 61 21
26 62 22
26 63 22
26 64 22
26 65 22
26 66 23
26 67 24
26 68 25
26 69 25
26 70 26
26 71 27
26 72 27
26 73 28
26 74 29
26 75 29
26 76 30
26 77 30
26 78 31
26 79 32
26 80 32
26 81 32
26 82 33
26 83 34
26 84 34
26 85 34
26 86 35
26 87 35
26 88 35
26 89 36
26 90 37
26 91 37
26 92 38
26 93 38
26 94 39
26 95 39
26 96 39
26 97 40
26 98 41
26 99 41
26 100 41
27 27 0
27 28 1
27 29 2
27 30 3
27 31 4
27 32 4
27 33 4
27 34 5
27 35 5
27 36 5
27 37 6
27 38 7
27 39 7
27 40 7
27 41 8
27 42 9
27 43 10
27 44 11
27 45 11
27 46 12
27 47 13
27 48 13
27 49 13
27 50 14
27 51 14
27 52 15
27 53 16
27 54 17
27 55 17
27 56 17
27 57 17
27 58 18
27 59 19
27 60 19
27 61 20
27 62 21
27 63 21
27 64 21
27 65 21
27 66 22
27 67 23
27 68 24
27 69 24
27 70 25
27 71 26
27 72 26
27 73 27
27 74 28
27 75 28
27 76 29
27 77 29
27 78 30
27 79 31
27 80 31
27 81 31
27 82 32
27 83 33
27 84 33
27 85 33
27 86 34
27 87 34
27 88 34
27 89 35
27 90 36
27 91 36
27 92 37
27 93 37
27 94 38
27 95 38
27 96 38
27 97 39
27 98 40
27 99 40
27 100 40
28 28 1
28 29 2
28 30 3
28 31 4
28 32 4
28 33 4
28 34 5
28 35 5
28 36 5
28 37 6
28 38 7
28 39 7
28 40 7
28 41 8
28 42 9
28 43 10
28 44 11
28 45 11
28 46 12
28 47 13
28 48 13
28 49 13
28 50 14
28 51 14
28 52 15
28 53 16
28 54 17
28 55 17
28 56 17
28 57 17
28 58 18
28 59 19
28 60 19
28 61 20
28 62 21
28 63 21
28 64 21
28 65 21
28 66 22
28 67 23
28 68 24
28 69 24
28 70 25
28 71 26
28 72 26
28 73 27
28 74 28
28 75 28
28 76 29
28 77 29
28 78 30
28 79 31
28 80 31
28 81 31
28 82 32
28 83 33
28 84 33
28 85 33
28 86 34
28 87 34
28 88 34
28 89 35
28 90 36
28 91 36
28 92 37
28 93 37
28 94 38
28 95 38
28 96 38
28 97 39
28 98 40
28 99 40
28 100 40
29 29 1
29 30 2
29 31 3
29 32 3
29 33 3
29 34 4
29 35 4
29 36 4
29 37 5
29 38 6
29 39 6
29 40 6
29 41 7
29 42 8
29 43 9
29 44 10
29 45 10
29 46 11
29 47 12
29 48 12
29 49 12
29 50 13
29 51 13
29 52 14
29 53 15
29 54 16
29 55 16
29 56 16
29 57 16
29 58 17
29 59 18
29 60 18
29 61 19
29 62 20
29 63 20
29 64 20
29 65 20
29 66 21
29 67 22
29 68 23
29 69 23
29 70 24
29 71 25
29 72 25
29 73 26
29 74 27
29 75 27
29 76 28
29 77 28
29 78 29
29 79 30
29 80 30
29 81 30
29 82 31
29 83 32
29 84 32
29 85 32
29 86 33
29 87 33
29 88 33
29 89 34
29 90 35
29 91 35
29 92 36
29 93 36
29 94 37
29 95 37
29 96 37
29 97 38
29 98 39
29 99 39
29 100 39
30 30 1
30 31 2
30 32 2
30 33 2
30 34 3
30 35 3
30 36 3
30 37 4
30 38 5
30 39 5
30 40 5
30 41 6
30 42 7
30 43 8
30 44 9
30 45 9
30 46 10
30 47 11
30 48 11
30 49 11
30 50 12
30 51 12
30 52 13
30 53 14
30 54 15
30 55 15
30 56 15
30 57 15
30 58 16
30 59 17
30 60 17
30 61 18
30 62 19
30 63 19
30 64 19
30 65 19
30 66 20
30 67 21
30 68 22
30 69 22
30 70 23
30 71 24
30 72 24
30 73 25
30 74 26
30 75 26
30 76 27
30 77 27
30 78 28
30 79 29
30 80 29
30 81 29
30 82 30
30 83 31
30 84 31
30 85 31
30 86 32
30 87 32
30 88 32
30 89 33
30 90 34
30 91 34
30 92 35
30 93 35
30 94 36
30 95 36
30 96 36
30 97 37
30 98 38
30 99 38
30 100 38
31 31 1
31 32 1
31 33 1
31 34 2
31 35 2
31 36 2
31 37 3
31 38 4
31 39 4
31 40 4
31 41 5
31 42 6
31 43 7
31 44 8
31 45 8
31 46 9
31 47 10
31 48 10
31 49 10
31 50 11
31 51 11
31 52 12
31 53 13
31 54 14
31 55 14
31 56 14
31 57 14
31 58 15
31 59 16
31 60 16
31 61 17
31 62 18
31 63 18
31 64 18
31 65 18
31 66 19
31 67 20
31 68 21
31 69 21
31 70 22
31 71 23
31 72 23
31 73 24
31 74 25
31 75 25
31 76 26
31 77 26
31 78 27
31 79 28
31 80 28
31 81 28
31 82 29
31 83 30
31 84 30
31 85 30
31 86 31
31 87 31
31 88 31
31 89 32
31 90 33
31 91 33
31 92 34
31 93 34
31 94 35
31 95 35
31 96 35
31 97 36
31 98 37
31 99 37
31 100 37
32 32 0
32 33 0
32 34 1
32 35 1
32 36 1
32 37 2
32 38 3
32 39 3
32 40 3
32 41 4
32 42 5
32 43 6
32 44 7
32 45 7
32 46 8
32 47 9
32 48 9
32 49 9
32 50 10
32 51 10
32 52 11
32 53 12
32 54 13
32 55 13
32 56 13
32 57 13
32 58 14
32 59 15
32 60 15
32 61 16
32 62 17
32 63 17
32 64 17
32 65 17
32 66 18
32 67 19
32 68 20
32 69 20
32 70 21
32 71 22
32 72 22
32 73 23
32 74 24
32 75 24
32 76 25
32 77 25
32 78 26
32 79 27
32 80 27
32 81 27
32 82 28
32 83 29
32 84 29
32 85 29
32 86 30
32 87 30
32 88 30
32 89 31
32 90 32
32 91 32
32 92 33
32 93 33
32 94 34
32 95 34
32 96 34
32 97 35
32 98 36
32 99 36
32 100 36
33 33 0
33 34 1
33 35 1
33 36 1
33 37 2
33 38 3
33 39 3
33 40 3
33 41 4
33 42 5
33 43 6
33 44 7
33 45 7
33 46 8
33 47 9
33 48 9
33 49 9
33 50 10
33 51 10
33 52 11
33 53 12
33 54 13
33 55 13
33 56 13
33 57 13
33 58 14
33 59 15
33 60 15
33 61 16
33 62 17
33 63 17
33 64 17
33 65 17
33 66 18
33 67 19
33 68 20
33 69 20
33 70 21
33 71 22
33 72 22
33 73 23
33 74 24
33 75 24
33 76 25
33 77 25
33 78 26
33 79 27
33 80 27
33 81 27
33 82 28
33 83 29
33 84 29
33 85 29
33 86 30
33 87 30
33 88 30
33 89 31
33 90 32
33 91 32
33 92 33
33 93 33
33 94 34
33 95 34
33 96 34
33 97 35
33 98 36
33 99 36
33 100 36
34 34 1
34 35 1
34 36 1
34 37 2
34 38 3
34 39 3
34 40 3
34 41 4
34 42 5
34 43 6
34 44 7
34 45 7
34 46 8
34 47 9
34 48 9
34 49 9
34 50 10
34 51 10
34 52 11
34 53 12
34 54 13
34 55 13
34 56 13
34 57 13
34 58 14
34 59 15
34 60 15
34 61 16
34 62 17
34 63 17
34 64 17
34 65 17
34 66 18
34 67 19
34 68 20
34 69 20
34 70 21
34 71 22
34 72 22
34 73 23
34 74 24
34 75 24
34 76 25
34 77 25
34 78 26
34 79 27
34 80 27
34 81 27
34 82 28
34 83 29
34 84 29
34 85 29
34 86 30
34 87 30
34 88 30
34 89 31
34 90 32
34 91 32
34 92 33
34 93 33
34 94 34
34 95 34
34 96 34
34 97 35
34 98 36
34 99 36
34 100 36
35 35 0
35 36 0
35 37 1
35 38 2
35 39 2
35 40 2
35 41 3
35 42 4
35 43 5
35 44 6
35 45 6
35 46 7
35 47 8
35 48 8
35 49 8
35 50 9
35 51 9
35 52 10
35 53 11
35 54 12
35 55 12
35 56 12
35 57 12
35 58 13
35 59 14
35 60 14
35 61 15
35 62 16
35 63 16
35 64 16
35 65 16
35 66 17
35 67 18
35 68 19
35 69 19
35 70 20
35 71 21
35 72 21
35 73 22
35 74 23
35 75 23
35 76 24
35 77 24
35 78 25
35 79 26
35 80 26
35 81 26
35 82 27
35 83 28
35 84 28
35 85 28
35 86 29
35 87 29
35 88 29
35 89 30
35 90 31
35 91 31
35 92 32
35 93 32
35 94 33
35 95 33
35 96 33
35 97 34
35 98 35
35 99 35
35 100 35
36 36 0
36 37 1
36 38 2
36 39 2
36 40 2
36 41 3
36 42 4
36 43 5
36 44 6
36 45 6
36 46 7
36 47 8
36 48 8
36 49 8
36 50 9
36 51 9
36 52 10
36 53 11
36 54 12
36 55 12
36 56 12
36 57 12
36 58 13
36 59 14
36 60 14
36 61 15
36 62 16
36 63 16
36 64 16
36 65 16
36 66 17
36 67 18
36 68 19
36 69 19
36 70 20
36 71 21
36 72 21
36 73 22
36 74 23
36 75 23
36 76 24
36 77 24
36 78 25
36 79 26
36 80 26
36 81 26
36 82 27
36 83 28
36 84 28
36 85 28
36 86 29
36 87 29
36 88 29
36 89 30
36 90 31
36 91 31
36 92 32
36 93 32
36 94 33
36 95 33
36 96 33
36 97 34
36 98 35
36 99 35
36 100 35
37 37 1
37 38 2
37 39 2
37 40 2
37 41 3
37 42 4
37 43 5
37 44 6
37 45 6
37 46 7
37 47 8
37 48 8
37 49 8
37 50 9
37 51 9
37 52 10
37 53 11
37 54 12
37 55 12
37 56 12
37 57 12
37 58 13
37 59 14
37 60 14
37 61 15
37 62 16
37 63 16
37 64 16
37 65 16
37 66 17
37 67 18
37 68 19
37 69 19
37 70 20
37 71 21
37 72 21
37 73 22
37 74 23
37 75 23
37 76 24
37 77 24
37 78 25
37 79 26
37 80 26
37 81 26
37 82 27
37 83 28
37 84 28
37 85 28
37 86 29
37 87 29
37 88 29
37 89 30
37 90 31
37 91 31
37 92 32
37 93 32
37 94 33
37 95 33
37 96 33
37 97 34
37 98 35
37 99 35
37 100 35
38 38 1
38 39 1
38 40 1
38 41 2
38 42 3
38 43 4
38 44 5
38 45 5
38 46 6
38 47 7
38 48 7
38 49 7
38 50 8
38 51 8
38 52 9
38 53 10
38 54 11
38 55 11
38 56 11
38 57 11
38 58 12
38 59 13
38 60 13
38 61 14
38 62 15
38 63 15
38 64 15
38 65 15
38 66 16
38 67 17
38 68 18
38 69 18
38 70 19
38 71 20
38 72 20
38 73 21
38 74 22
38 75 22
38 76 23
38 77 23
38 78 24
38 79 25
38 80 25
38 81 25
38 82 26
38 83 27
38 84 27
38 85 27
38 86 28
38 87 28
38 88 28
38 89 29
38 90 30
38 91 30
38 92 31
38 93 31
38 94 32
38 95 32
38 96 32
38 97 33
38 98 34
38 99 34
38 100 34
39 39 0
39 40 0
39 41 1
39 42 2
39 43 3
39 44 4
39 45 4
39 46 5
39 47 6
39 48 6
39 49 6
39 50 7
39 51 7
39 52 8
39 53 9
39 54 10
39 55 10
39 56 10
39 57 10
39 58 11
39 59 12
39 60 12
39 61 13
39 62 14
39 63 14
39 64 14
39 65 14
39 66 15
39 67 16
39 68 17
39 69 17
39 70 18
39 71 19
39 72 19
39 73 20
39 74 21
39 75 21
39 76 22
39 77 22
39 78 23
39 79 24
39 80 24
39 81 24
39 82 25
39 83 26
39 84 26
39 85 26
39 86 27
39 87 27
39 88 27
39 89 28
39 90 29
39 91 29
39 92 30
39 93 30
39 94 31
39 95 31
39 96 31
39 97 32
39 98 33
39 99 33
39 100 33
40 40 0
40 41 1
40 42 2
40 43 3
40 44 4
40 45 4
40 46 5
40 47 6
40 48 6
40 49 6
40 50 7
40 51 7
40 52 8
40 53 9
40 54 10
40 55 10
40 56 10
40 57 10
40 58 11
40 59 12
40 60 12
40 61 13
40 62 14
40 63 14
40 64 14
40 65 14
40 66 15
40 67 16
40 68 17
40 69 17
40 70 18
40 71 19
40 72 19
40 73 20
40 74 21
40 75 21
40 76 22
40 77 22
40 78 23
40 79 24
40 80 24
40 81 24
40 82 25
40 83 26
40 84 26
40 85 26
40 86 27
40 87 27
40 88 27
40 89 28
40 90 29
40 91 29
40 92 30
40 93 30
40 94 31
40 95 31
40 96 31
40 97 32
40 98 33
40 99 33
40 100 33
41 41 1
41 42 2
41 43 3
41 44 4
41 45 4
41 46 5
41 47 6
41 48 6
41 49 6
41 50 7
41 51 7
41 52 8
41 53 9
41 54 10
41 55 10
41 56 10
41 57 10
41 58 11
41 59 12
41 60 12
41 61 13
41 62 14
41 63 14
41 64 14
41 65 14
41 66 15
41 67 16
41 68 17
41 69 17
41 70 18
41 71 19
41 72 19
41 73 20
41 74 21
41 75 21
41 76 22
41 77 22
41 78 23
41 79 24
41 80 24
41 81 24
41 82 25
41 83 26
41 84 26
41 85 26
41 86 27
41 87 27
41 88 27
41 89 28
41 90 29
41 91 29
41 92 30
41 93 30
41 94 31
41 95 31
41 96 31
41 97 32
41 98 33
41 99 33
41 100 33
42 42 1
42 43 2
42 44 3
42 45 3
42 46 4
42 47 5
42 48 5
42 49 5
42 50 6
42 51 6
42 52 7
42 53 8
42 54 9
42 55 9
42 56 9
42 57 9
42 58 10
42 59 11
42 60 11
42 61 12
42 62 13
42 63 13
42 64 13
42 65 13
42 66 14
42 67 15
42 68 16
42 69 16
42 70 17
42 71 18
42 72 18
42 73 19
42 74 20
42 75 20
42 76 21
42 77 21
42 78 22
42 79 23
42 80 23
42 81 23
42 82 24
42 83 25
42 84 25
42 85 25
42 86 26
42 87 26
42 88 26
42 89 27
42 90 28
42 91 28
42 92 29
42 93 29
42 94 30
42 95 30
42 96 30
42 97 31
42 98 32
42 99 32
42 100 32
43 43 1
43 44 2
43 45 2
43 46 3
43 47 4
43 48 4
43 49 4
43 50 5
43 51 5
43 52 6
43 53 7
43 54 8
43 55 8
43 56 8
43 57 8
43 58 9
43 59 10
43 60 10
43 61 11
43 62 12
43 63 12
43 64 12
43 65 12
43 66 13
43 67 14
43 68 15
43 69 15
43 70 16
43 71 17
43 72 17
43 73 18
43 74 19
43 75 19
43 76 20
43 77 20
43 78 21
43 79 22
43 80 22
43 81 22
43 82 23
43 83 24
43 84 24
43 85 24
43 86 25
43 87 25
43 88 25
43 89 26
43 90 27
43 91 27
43 92 28
43 93 28
43 94 29
43 95 29
43 96 29
43 97 30
43 98 31
43 99 31
43 100 31
44 44 1
44 45 1
44 46 2
44 47 3
44 48 3
44 49 3
44 50 4
44 51 4
44 52 5
44 53 6
44 54 7
44 55 7
44 56 7
44 57 7
44 58 8
44 59 9
44 60 9
44 61 10
44 62 11
44 63 11
44 64 11
44 65 11
44 66 12
44 67 13
44 68 14
44 69 14
44 70 15
44 71 16
44 72 16
44 73 17
44 74 18
44 75 18
44 76 19
44 77 19
44 78 20
44 79 21
44 80 21
44 81 21
44 82 22
44 83 23
44 84 23
44 85 23
44 86 24
44 87 24
44 88 24
44 89 25
44 90 26
44 91 26
44 92 27
44 93 27
44 94 28
44 95 28
44 96 28
44 97 29
44 98 30
44 99 30
44 100 30
45 45 0
45 46 1
45 47 2
45 48 2
45 49 2
45 50 3
45 51 3
45 52 4
45 53 5
45 54 6
45 55 6
45 56 6
45 57 6
45 58 7
45 59 8
45 60 8
45 61 9
45 62 10
45 63 10
45 64 10
45 65 10
45 66 11
45 67 12
45 68 13
45 69 13
45 70 14
45 71 15
45 72 15
45 73 16
45 74 17
45 75 17
45 76 18
45 77 18
45 78 19
45 79 20
45 80 20
45 81 20
45 82 21
45 83 22
45 84 22
45 85 22
45 86 23
45 87 23
45 88 23
45 89 24
45 90 25
45 91 25
45 92 26
45 93 26
45 94 27
45 95 27
45 96 27
45 97 28
45 98 29
45 99 29
45 100 29
46 46 1
46 47 2
46 48 2
46 49 2
46 50 3
46 51 3
46 52 4
46 53 5
46 54 6
46 55 6
46 56 6
46 57 6
46 58 7
46 59 8
46 60 8
46 61 9
46 62 10
46 63 10
46 64 10
46 65 10
46 66 11
46 67 12
46 68 13
46 69 13
46 70 14
46 71 15
46 72 15
46 73 16
46 74 17
46 75 17
46 76 18
46 77 18
46 78 19
46 79 20
46 80 20
46 81 20
46 82 21
46 83 22
46 84 22
46 85 22
46 86 23
46 87 23
46 88 23
46 89 24
46 90 25
46 91 25
46 92 26
46 93 26
46 94 27
46 95 27
46 96 27
46 97 28
46 98 29
46 99 29
46 100 29
47 47 1
47 48 1
47 49 1
47 50 2
47 51 2
47 52 3
47 53 4
47 54 5
47 55 5
47 56 5
47 57 5
47 58 6
47 59 7
47 60 7
47 61 8
47 62 9
47 63 9
47 64 9
47 65 9
47 66 10
47 67 11
47 68 12
47 69 12
47 70 13
47 71 14
47 72 14
47 73 15
47 74 16
47 75 16
47 76 17
47 77 17
47 78 18
47 79 19
47 80 19
47 81 19
47 82 20
47 83 21
47 84 21
47 85 21
47 86 22
47 87 22
47 88 22
47 89 23
47 90 24
47 91 24
47 92 25
47 93 25
47 94 26
47 95 26
47 96 26
47 97 27
47 98 28
47 99 28
47 100 28
48 48 0
48 49 0
48 50 1
48 51 1
48 52 2
48 53 3
48 54 4
48 55 4
48 56 4
48 57 4
48 58 5
48 59 6
48 60 6
48 61 7
48 62 8
48 63 8
48 64 8
48 65 8
48 66 9
48 67 10
48 68 11
48 69 11
48 70 12
48 71 13
48 72 13
48 73 14
48 74 15
48 75 15
48 76 16
48 77 16
48 78 17
48 79 18
48 80 18
48 81 18
48 82 19
48 83 20
48 84 20
48 85 20
48 86 21
48 87 21
48 88 21
48 89 22
48 90 23
48 91 23
48 92 24
48 93 24
48 94 25
48 95 25
48 96 25
48 97 26
48 98 27
48 99 27
48 100 27
49 49 0
49 50 1
49 51 1
49 52 2
49 53 3
49 54 4
49 55 4
49 56 4
49 57 4
49 58 5
49 59 6
49 60 6
49 61 7
49 62 8
49 63 8
49 64 8
49 65 8
49 66 9
49 67 10
49 68 11
49 69 11
49 70 12
49 71 13
49 72 13
49 73 14
49 74 15
49 75 15
49 76 16
49 77 16
49 78 17
49 79 18
49 80 18
49 81 18
49 82 19
49 83 20
49 84 20
49 85 20
49 86 21
49 87 21
49 88 21
49 89 22
49 90 23
49 91 23
49 92 24
49 93 24
49 94 25
49 95 25
49 96 25
49 97 26
49 98 27
49 99 27
49 100 27
50 50 1
50 51 1
50 52 2
50 53 3
50 54 4
50 55 4
50 56 4
50 57 4
50 58 5
50 59 6
50 60 6
50 61 7
50 62 8
50 63 8
50 64 8
50 65 8
50 66 9
50 67 10
50 68 11
50 69 11
50 70 12
50 71 13
50 72 13
50 73 14
50 74 15
50 75 15
50 76 16
50 77 16
50 78 17
50 79 18
50 80 18
50 81 18
50 82 19
50 83 20
50 84 20
50 85 20
50 86 21
50 87 21
50 88 21
50 89 22
50 90 23
50 91 23
50 92 24
50 93 24
50 94 25
50 95 25
50 96 25
50 97 26
50 98 27
50 99 27
50 100 27
51 51 0
51 52 1
51 53 2
51 54 3
51 55 3
51 56 3
51 57 3
51 58 4
51 59 5
51 60 5
51 61 6
51 62 7
51 63 7
51 64 7
51 65 7
51 66 8
51 67 9
51 68 10
51 69 10
51 70 11
51 71 12
51 72 12
51 73 13
51 74 14
51 75 14
51 76 15
51 77 15
51 78 16
51 79 17
51 80 17
51 81 17
51 82 18
51 83 19
51 84 19
51 85 19
51 86 20
51 87 20
51 88 20
51 89 21
51 90 22
51 91 22
51 92 23
51 93 23
51 94 24
51 95 24
51 96 24
51 97 25
51 98 26
51 99 26
51 100 26
52 52 1
52 53 2
52 54 3
52 55 3
52 56 3
52 57 3
52 58 4
52 59 5
52 60 5
52 61 6
52 62 7
52 63 7
52 64 7
52 65 7
52 66 8
52 67 9
52 68 10
52 69 10
52 70 11
52 71 12
52 72 12
52 73 13
52 74 14
52 75 14
52 76 15
52 77 15
52 78 16
52 79 17
52 80 17
52 81 17
52 82 18
52 83 19
52 84 19
52 85 19
52 86 20
52 87 20
52 88 20
52 89 21
52 90 22
52 91 22
52 92 23
52 93 23
52 94 24
52 95 24
52 96 24
52 97 25
52 98 26
52 99 26
52 100 26
53 53 1
53 54 2
53 55 2
53 56 2
53 57 2
53 58 3
53 59 4
53 60 4
53 61 5
53 62 6
53 63 6
53 64 6
53 65 6
53 66 7
53 67 8
53 68 9
53 69 9
53 70 10
53 71 11
53 72 11
53 73 12
53 74 13
53 75 13
53 76 14
53 77 14
53 78 15
53 79 16
53 80 16
53 81 16
53 82 17
53 83 18
53 84 18
53 85 18
53 86 19
53 87 19
53 88 19
53 89 20
53 90 21
53 91 21
53 92 22
53 93 22
53 94 23
53 95 23
53 96 23
53 97 24
53 98 25
53 99 25
53 100 25
54 54 1
54 55 1
54 56 1
54 57 1
54 58 2
54 59 3
54 60 3
54 61 4
54 62 5
54 63 5
54 64 5
54 65 5
54 66 6
54 67 7
54 68 8
54 69 8
54 70 9
54 71 10
54 72 10
54 73 11
54 74 12
54 75 12
54 76 13
54 77 13
54 78 14
54 79 15
54 80 15
54 81 15
54 82 16
54 83 17
54 84 17
54 85 17
54 86 18
54 87 18
54 88 18
54 89 19
54 90 20
54 91 20
54 92 21
54 93 21
54 94 22
54 95 22
54 96 22
54 97 23
54 98 24
54 99 24
54 100 24
55 55 0
55 56 0
55 57 0
55 58 1
55 59 2
55 60 2
55 61 3
55 62 4
55 63 4
55 64 4
55 65 4
55 66 5
55 67 6
55 68 7
55 69 7
55 70 8
55 71 9
55 72 9
55 73 10
55 74 11
55 75 11
55 76 12
55 77 12
55 78 13
55 79 14
55 80 14
55 81 14
55 82 15
55 83 16
55 84 16
55 85 16
55 86 17
55 87 17
55 88 17
55 89 18
55 90 19
55 91 19
55 92 20
55 93 20
55 94 21
55 95 21
55 96 21
55 97 22
55 98 23
55 99 23
55 100 23
56 56 0
56 57 0
56 58 1
56 59 2
56 60 2
56 61 3
56 62 4
56 63 4
56 64 4
56 65 4
56 66 5
56 67 6
56 68 7
56 69 7
56 70 8
56 71 9
56 72 9
56 73 10
56 74 11
56 75 11
56 76 12
56 77 12
56 78 13
56 79 14
56 80 14
56 81 14
56 82 15
56 83 16
56 84 16
56 85 16
56 86 17
56 87 17
56 88 17
56 89 18
56 90 19
56 91 19
56 92 20
56 93 20
56 94 21
56 95 21
56 96 21
56 97 22
56 98 23
56 99 23
56 100 23
57 57 0
57 58 1
57 59 2
57 60 2
57 61 3
57 62 4
57 63 4
57 64 4
57 65 4
57 66 5
57 67 6
57 68 7
57 69 7
57 70 8
57 71 9
57 72 9
57 73 10
57 74 11
57 75 11
57 76 12
57 77 12
57 78 13
57 79 14
57 80 14
57 81 14
57 82 15
57 83 16
57 84 16
57 85 16
57 86 17
57 87 17
57 88 17
57 89 18
57 90 19
57 91 19
57 92 20
57 93 20
57 94 21
57 95 21
57 96 21
57 97 22
57 98 23
57 99 23
57 100 23
58 58 1
58 59 2
58 60 2
58 61 3
58 62 4
58 63 4
58 64 4
58 65 4
58 66 5
58 67 6
58 68 7
58 69 7
58 70 8
58 71 9
58 72 9
58 73 10
58 74 11
58 75 11
58 76 12
58 77 12
58 78 13
58 79 14
58 80 14
58 81 14
58 82 15
58 83 16
58 84 16
58 85 16
58 86 17
58 87 17
58 88 17
58 89 18
58 90 19
58 91 19
58 92 20
58 93 20
58 94 21
58 95 21
58 96 21
58 97 22
58 98 23
58 99 23
58 100 23
59 59 1
59 60 1
59 61 2
59 62 3
59 63 3
59 64 3
59 65 3
59 66 4
59 67 5
59 68 6
59 69 6
59 70 7
59 71 8
59 72 8
59 73 9
59 74 10
59 75 10
59 76 11
59 77 11
59 78 12
59 79 13
59 80 13
59 81 13
59 82 14
59 83 15
59 84 15
59 85 15
59 86 16
59 87 16
59 88 16
59 89 17
59 90 18
59 91 18
59 92 19
59 93 19
59 94 20
59 95 20
59 96 20
59 97 21
59 98 22
59 99 22
59 100 22
60 60 0
60 61 1
60 62 2
60 63 2
60 64 2
60 65 2
60 66 3
60 67 4
60 68 5
60 69 5
60 70 6
60 71 7
60 72 7
60 73 8
60 74 9
60 75 9
60 76 10
60 77 10
60 78 11
60 79 12
60 80 12
60 81 12
60 82 13
60 83 14
60 84 14
60 85 14
60 86 15
60 87 15
60 88 15
60 89 16
60 90 17
60 91 17
60 92 18
60 93 18
60 94 19
60 95 19
60 96 19
60 97 20
60 98 21
60 99 21
60 100 21
61 61 1
61 62 2
61 63 2
61 64 2
61 65 2
61 66 3
61 67 4
61 68 5
61 69 5
61 70 6
61 71 7
61 72 7
61 73 8
61 74 9
61 75 9
61 76 10
61 77 10
61 78 11
61 79 12
61 80 12
61 81 12
61 82 13
61 83 14
61 84 14
61 85 14
61 86 15
61 87 15
61 88 15
61 89 16
61 90 17
61 91 17
61 92 18
61 93 18
61 94 19
61 95 19
61 96 19
61 97 20
61 98 21
61 99 21
61 100 21
62 62 1
62 63 1
62 64 1
62 65 1
62 66 2
62 67 3
62 68 4
62 69 4
62 70 5
62 71 6
62 72 6
62 73 7
62 74 8
62 75 8
62 76 9
62 77 9
62 78 10
62 79 11
62 80 11
62 81 11
62 82 12
62 83 13
62 84 13
62 85 13
62 86 14
62 87 14
62 88 14
62 89 15
62 90 16
62 91 16
62 92 17
62 93 17
62 94 18
62 95 18
62 96 18
62 97 19
62 98 20
62 99 20
62 100 20
63 63 0
63 64 0
63 65 0
63 66 1
63 67 2
63 68 3
63 69 3
63 70 4
63 71 5
63 72 5
63 73 6
63 74 7
63 75 7
63 76 8
63 77 8
63 78 9
63 79 10
63 80 10
63 81 10
63 82 11
63 83 12
63 84 12
63 85 12
63 86 13
63 87 13
63 88 13
63 89 14
63 90 15
63 91 15
63 92 16
63 93 16
63 94 17
63 95 17
63 96 17
63 97 18
63 98 19
63 99 19
63 100 19
64 64 0
64 65 0
64 66 1
64 67 2
64 68 3
64 69 3
64 70 4
64 71 5
64 72 5
64 73 6
64 74 7
64 75 7
64 76 8
64 77 8
64 78 9
64 79 10
64 80 10
64 81 10
64 82 11
64 83 12
64 84 12
64 85 12
64 86 13
64 87 13
64 88 13
64 89 14
64 90 15
64 91 15
64 92 16
64 93 16
64 94 17
64 95 17
64 96 17
64 97 18
64 98 19
64 99 19
64 100 19
65 65 0
65 66 1
65 67 2
65 68 3
65 69 3
65 70 4
65 71 5
65 72 5
65 73 6
65 74 7
65 75 7
65 76 8
65 77 8
65 78 9
65 79 10
65 80 10
65 81 10
65 82 11
65 83 12
65 84 12
65 85 12
65 86 13
65 87 13
65 88 13
65 89 14
65 90 15
65 91 15
65 92 16
65 93 16
65 94 17
65 95 17
65 96 17
65 97 18
65 98 19
65 99 19
65 100 19
66 66 1
66 67 2
66 68 3
66 69 3
66 70 4
66 71 5
66 72 5
66 73 6
66 74 7
66 75 7
66 76 8
66 77 8
66 78 9
66 79 10
66 80 10
66 81 10
66 82 11
66 83 12
66 84 12
66 85 12
66 86 13
66 87 13
66 88 13
66 89 14
66 90 15
66 91 15
66 92 16
66 93 16
66 94 17
66 95 17
66 96 17
66 97 18
66 98 19
66 99 19
66 100 19
67 67 1
67 68 2
67 69 2
67 70 3
67 71 4
67 72 4
67 73 5
67 74 6
67 75 6
67 76 7
67 77 7
67 78 8
67 79 9
67 80 9
67 81 9
67 82 10
67 83 11
67 84 11
67 85 11
67 86 12
67 87 12
67 88 12
67 89 13
67 90 14
67 91 14
67 92 15
67 93 15
67 94 16
67 95 16
67 96 16
67 97 17
67 98 18
67 99 18
67 100 18
68 68 1
68 69 1
68 70 2
68 71 3
68 72 3
68 73 4
68 74 5
68 75 5
68 76 6
68 77 6
68 78 7
68 79 8
68 80 8
68 81 8
68 82 9
68 83 10
68 84 10
68 85 10
68 86 11
68 87 11
68 88 11
68 89 12
68 90 13
68 91 13
68 92 14
68 93 14
68 94 15
68 95 15
68 96 15
68 97 16
68 98 17
68 99 17
68 100 17
69 69 0
69 70 1
69 71 2
69 72 2
69 73 3
69 74 4
69 75 4
69 76 5
69 77 5
69 78 6
69 79 7
69 80 7
69 81 7
69 82 8
69 83 9
69 84 9
69 85 9
69 86 10
69 87 10
69 88 10
69 89 11
69 90 12
69 91 12
69 92 13
69 93 13
69 94 14
69 95 14
69 96 14
69 97 15
69 98 16
69 99 16
69 100 16
70 70 1
70 71 2
70 72 2
70 73 3
70 74 4
70 75 4
70 76 5
70 77 5
70 78 6
70 79 7
70 80 7
70 81 7
70 82 8
70 83 9
70 84 9
70 85 9
70 86 10
70 87 10
70 88 10
70 89 11
70 90 12
70 91 12
70 92 13
70 93 13
70 94 14
70 95 14
70 96 14
70 97 15
70 98 16
70 99 16
70 100 16
71 71 1
71 72 1
71 73 2
71 74 3
71 75 3
71 76 4
71 77 4
71 78 5
71 79 6
71 80 6
71 81 6
71 82 7
71 83 8
71 84 8
71 85 8
71 86 9
71 87 9
71 88 9
71 89 10
71 90 11
71 91 11
71 92 12
71 93 12
71 94 13
71 95 13
71 96 13
71 97 14
71 98 15
71 99 15
71 100 15
72 72 0
72 73 1
72 74 2
72 75 2
72 76 3
72 77 3
72 78 4
72 79 5
72 80 5
72 81 5
72 82 6
72 83 7
72 84 7
72 85 7
72 86 8
72 87 8
72 88 8
72 89 9
72 90 10
72 91 10
72 92 11
72 93 11
72 94 12
72 95 12
72 96 12
72 97 13
72 98 14
72 99 14
72 100 14
73 73 1
73 74 2
73 75 2
73 76 3
73 77 3
73 78 4
73 79 5
73 80 5
73 81 5
73 82 6
73 83 7
73 84 7
73 85 7
73 86 8
73 87 8
73 88 8
73 89 9
73 90 10
73 91 10
73 92 11
73 93 11
73 94 12
73 95 12
73 96 12
73 97 13
73 98 14
73 99 14
73 100 14
74 74 1
74 75 1
74 76 2
74 77 2
74 78 3
74 79 4
74 80 4
74 81 4
74 82 5
74 83 6
74 84 6
74 85 6
74 86 7
74 87 7
74 88 7
74 89 8
74 90 9
74 91 9
74 92 10
74 93 10
74 94 11
74 95 11
74 96 11
74 97 12
74 98 13
74 99 13
74 100 13
75 75 0
75 76 1
75 77 1
75 78 2
75 79 3
75 80 3
75 81 3
75 82 4
75 83 5
75 84 5
75 85 5
75 86 6
75 87 6
75 88 6
75 89 7
75 90 8
75 91 8
75 92 9
75 93 9
75 94 10
75 95 10
75 96 10
75 97 11
75 98 12
75 99 12
75 100 12
76 76 1
76 77 1
76 78 2
76 79 3
76 80 3
76 81 3
76 82 4
76 83 5
76 84 5
76 85 5
76 86 6
76 87 6
76 88 6
76 89 7
76 90 8
76 91 8
76 92 9
76 93 9
76 94 10
76 95 10
76 96 10
76 97 11
76 98 12
76 99 12
76 100 12
77 77 0
77 78 1
77 79 2
77 80 2
77 81 2
77 82 3
77 83 4
77 84 4
77 85 4
77 86 5
77 87 5
77 88 5
77 89 6
77 90 7
77 91 7
77 92 8
77 93 8
77 94 9
77 95 9
77 96 9
77 97 10
77 98 11
77 99 11
77 100 11
78 78 1
78 79 2
78 80 2
78 81 2
78 82 3
78 83 4
78 84 4
78 85 4
78 86 5
78 87 5
78 88 5
78 89 6
78 90 7
78 91 7
78 92 8
78 93 8
78 94 9
78 95 9
78 96 9
78 97 10
78 98 11
78 99 11
78 100 11
79 79 1
79 80 1
79 81 1
79 82 2
79 83 3
79 84 3
79 85 3
79 86 4
79 87 4
79 88 4
79 89 5
79 90 6
79 91 6
79 92 7
79 93 7
79 94 8
79 95 8
79 96 8
79 97 9
79 98 10
79 99 10
79 100 10
80 80 0
80 81 0
80 82 1
80 83 2
80 84 2
80 85 2
80 86 3
80 87 3
80 88 3
80 89 4
80 90 5
80 91 5
80 92 6
80 93 6
80 94 7
80 95 7
80 96 7
80 97 8
80 98 9
80 99 9
80 100 9
81 81 0
81 82 1
81 83 2
81 84 2
81 85 2
81 86 3
81 87 3
81 88 3
81 89 4
81 90 5
81 91 5
81 92 6
81 93 6
81 94 7
81 95 7
81 96 7
81 97 8
81 98 9
81 99 9
81 100 9
82 82 1
82 83 2
82 84 2
82 85 2
82 86 3
82 87 3
82 88 3
82 89 4
82 90 5
82 91 5
82 92 6
82 93 6
82 94 7
82 95 7
82 96 7
82 97 8
82 98 9
82 99 9
82 100 9
83 83 1
83 84 1
83 85 1
83 86 2
83 87 2
83 88 2
83 89 3
83 90 4
83 91 4
83 92 5
83 93 5
83 94 6
83 95 6
83 96 6
83 97 7
83 98 8
83 99 8
83 100 8
84 84 0
84 85 0
84 86 1
84 87 1
84 88 1
84 89 2
84 90 3
84 91 3
84 92 4
84 93 4
84 94 5
84 95 5
84 96 5
84 97 6
84 98 7
84 99 7
84 100 7
85 85 0
85 86 1
85 87 1
85 88 1
85 89 2
85 90 3
85 91 3
85 92 4
85 93 4
85 94 5
85 95 5
85 96 5
85 97 6
85 98 7
85 99 7
85 100 7
86 86 1
86 87 1
86 88 1
86 89 2
86 90 3
86 91 3
86 92 4
86 93 4
86 94 5
86 95 5
86 96 5
86 97 6
86 98 7
86 99 7
86 100 7
87 87 0
87 88 0
87 89 1
87 90 2
87 91 2
87 92 3
87 93 3
87 94 4
87 95 4
87 96 4
87 97 5
87 98 6
87 99 6
87 100 6
88 88 0
88 89 1
88 90 2
88 91 2
88 92 3
88 93 3
88 94 4
88 95 4
88 96 4
88 97 5
88 98 6
88 99 6
88 100 6
89 89 1
89 90 2
89 91 2
89 92 3
89 93 3
89 94 4
89 95 4
89 96 4
89 97 5
89 98 6
89 99 6
89 100 6
90 90 1
90 91 1
90 92 2
90 93 2
90 94 3
90 95 3
90 96 3
90 97 4
90 98 5
90 99 5
90 100 5
91 91 0
91 92 1
91 93 1
91 94 2
91 95 2
91 96 2
91 97 3
91 98 4
91 99 4
91 100 4
92 92 1
92 93 1
92 94 2
92 95 2
92 96 2
92 97 3
92 98 4
92 99 4
92 100 4
93 93 0
93 94 1
93 95 1
93 96 1
93 97 2
93 98 3
93 99 3
93 100 3
94 94 1
94 95 1
94 96 1
94 97 2
94 98 3
94 99 3
94 100 3
95 95 0
95 96 0
95 97 1
95 98 2
95 99 2
95 100 2
96 96 0
96 97 1
96 98 2
96 99 2
96 100 2
97 97 1
97 98 2
97 99 2
97 100 2
98 98 1
98 99 1
98 100 1
99 99 0
99 100 0
100 100 0
