5000
5774
9732
3106
2495
366
4554
2653
9708
2393
2718
2279
6801
687
530
7002
613
9464
4381
925
3685
9583
1252
5980
5295
7753
8406
4324
8394
3935
5589
2760
8162
2888
9782
4334
656
3135
5097
3763
9266
2565
2885
5539
4834
4510
8803
4575
598
4946
5975
3283
9055
2555
1204
1241
9084
8694
2328
5835
9275
9298
4961
9773
9860
6406
729
6608
9389
7622
7408
5793
440
7320
7907
6934
1606
2597
7871
386
3877
9108
2293
9357
9371
9147
3057
4610
2148
3012
6596
7786
7476
2752
6828
7086
7849
7261
397
7321
2830
8640
5121
6727
8343
7632
5131
2194
1269
2952
9543
442
6245
8959
242
8945
950
418
3908
1707
6319
4478
3382
3295
7578
7160
9590
2542
1150
1556
5164
7823
4340
4261
6216
7484
967
221
5303
1768
8064
4056
9522
4539
7552
7528
7250
888
9590
3884
1771
3281
7104
6159
3753
304
2851
9206
4055
9920
6429
8969
1782
1507
9038
9832
9318
9431
7425
6337
2663
8658
2882
3318
291
3874
9227
5363
3596
9745
3697
9958
7037
3981
9345
6490
7633
5066
9601
2613
7148
954
4353
9781
4197
439
1847
8875
2514
2463
4234
8147
5701
1229
2760
2634
1180
958
6961
3240
1073
1956
4564
3627
8296
6985
8456
988
4036
5931
1686
9646
8270
9966
2453
659
1567
2013
1963
89
4804
5478
611
8708
2575
9825
4213
8121
8810
3032
1142
8330
1480
4625
608
6553
7092
5916
6688
6424
4403
3201
1085
2422
4593
5120
3926
2735
5759
5060
4544
1110
9284
3362
3167
7034
1374
8762
3412
2912
3213
1493
9114
260
1169
5353
1434
4247
5198
4653
2128
2438
2851
5100
2064
8404
3930
8833
9221
1187
9602
3044
7712
6709
3023
2805
5892
7114
8434
3539
188
737
1532
6318
8472
3691
3296
3894
339
5278
3768
3205
9649
9897
4713
5006
5578
5109
5024
5839
183
7257
2570
7052
3162
9905
4814
7291
3800
877
6293
9131
7869
6816
805
8779
1102
9697
8281
8129
463
309
5672
53
1888
6329
2333
7861
1031
4800
3796
1582
4464
254
7307
8866
9759
8462
5660
876
1087
3782
5573
5749
8157
9791
5658
4497
5674
9702
4862
8904
5997
9948
2617
414
7645
7879
3301
3496
3639
2589
3969
1828
8983
2941
4222
4410
7555
8784
2616
9156
4083
8143
3192
5665
695
7706
2506
411
778
6682
8867
452
3864
8933
9538
2887
8841
4784
1565
224
398
9426
5557
4088
794
7232
6988
6798
2774
5719
5992
6558
649
2060
2149
5545
3610
2563
2053
2446
5080
5018
4276
9883
5546
8654
398
8861
3812
4792
4420
234
4351
152
3883
4537
5886
5978
5941
8946
3714
1625
5644
9794
3112
9244
4501
1179
7779
181
783
7410
6035
2679
8401
1166
1085
2064
7031
4947
4212
7025
6130
544
1414
4759
3222
9757
4216
877
9922
4200
2500
3900
4035
9940
2786
3514
7568
7112
1753
5065
6372
5978
6879
7462
4137
7709
8959
7740
1463
4313
8058
4239
5598
7341
2432
8713
4398
2172
6383
4329
6011
926
4139
9221
8343
8826
8518
1020
6678
2460
769
2945
7618
3425
8436
6156
9093
9369
2190
7754
7028
3279
8923
8008
4551
6967
8679
5370
3735
2027
4400
9719
4194
2657
5270
2822
3226
5942
9756
9023
9298
2752
9168
8144
6649
3120
3148
9020
8826
6773
4004
2371
8096
9476
8113
1138
7651
9291
4218
273
8837
7863
2613
4328
5850
8156
2618
6597
8517
6324
7441
9906
7046
919
4581
7666
5239
9047
4790
1271
1859
682
6650
7602
1963
6079
275
1163
7211
3001
5698
9022
221
9504
2828
9791
4836
5876
2242
6805
1631
5331
1721
8556
5443
2240
2344
4590
5497
6047
6002
1000
2966
6689
8774
7558
3682
4176
8427
8465
1116
5911
353
9704
977
7863
6420
5116
8302
3066
9480
2027
7615
2198
6882
2840
2113
7629
3980
4714
7916
8622
7071
2055
913
2480
1700
5387
4727
2290
2221
3184
7546
8580
6244
2449
1873
6549
9564
317
727
3342
9655
2608
3518
3344
9299
1110
383
9892
5757
1519
3666
3035
2451
3886
6720
9558
6297
2053
7477
757
218
173
9517
6405
7011
8154
7442
4185
4054
9762
3793
9242
3830
6902
49
2402
2826
4723
3537
804
7396
9175
5765
2242
5396
5592
3841
1101
3451
8235
3526
5990
7148
8850
8397
4845
3528
1217
4801
582
7650
4229
7376
4413
9991
9824
5736
6484
6178
7968
5903
5506
980
8755
733
5751
809
5353
4422
4543
6260
9304
5203
2103
2739
4397
1095
2768
4930
3642
3611
7983
1000
766
7148
9661
5841
2560
2482
8267
6336
7448
5381
4830
4850
8134
8631
6435
5280
4812
4818
3892
6698
6900
7568
3270
2513
4957
6511
9459
256
2347
3768
3438
4552
6877
1622
2263
5548
9715
1005
5618
1429
2698
579
1204
4257
4336
5877
4618
544
3397
990
1090
1894
7638
5326
2734
5874
6052
7449
5940
9760
5057
9468
7807
6722
9031
7535
718
8686
3441
7330
1726
2676
4842
7154
7724
7067
905
820
8771
5297
4445
2326
5117
3608
7306
1912
1270
6162
9415
2562
683
1444
211
4134
8765
695
4246
4772
2095
8049
805
7891
2151
58
946
9174
4852
9923
6988
3237
6208
3050
7967
2309
1554
8061
2918
3139
138
1508
2119
9053
4070
7240
5859
6799
2094
5900
9520
8117
4615
6483
1772
6582
4256
2742
6585
6827
8597
3736
530
7214
412
2960
1727
6105
2789
2253
9722
3180
2864
7223
8007
4020
658
1704
3650
2463
9691
4833
2907
3804
9610
6613
9427
281
3573
8692
3789
960
5179
3004
7348
9181
9634
2441
3394
2592
7553
9458
969
81
6317
1574
9712
7406
2713
3071
5678
808
4077
1864
3416
3756
3755
4094
9439
1191
2036
5129
3723
6672
8945
4681
249
6431
9544
4055
4099
3500
9930
9668
2073
3356
564
930
5742
2102
4243
2848
8135
2858
6530
1908
4323
8616
9990
6975
8117
6946
7578
2746
9616
3572
6335
1634
4391
6139
1620
709
4285
6440
8975
5111
1470
3924
3099
531
6180
5586
358
2990
3062
8324
4508
5534
7920
7395
8210
2177
3253
6294
9362
1732
6344
9263
9893
3578
3106
4968
4307
3845
9438
1912
2403
5623
1396
709
8338
4343
8821
8378
5888
8196
6868
7055
3499
2881
969
39
8818
5252
7662
7638
3310
6190
9899
3174
5616
9144
4984
4270
6796
9884
2899
6661
4922
3781
5669
6603
1892
2395
4699
8865
9926
6519
223
5575
1631
1048
9723
9436
8595
3691
6203
1880
1738
8433
6807
794
6343
6269
3501
7894
9420
693
2168
1078
7119
5156
5958
8109
3995
2387
5564
8400
2684
7567
3575
1256
8456
3774
2789
4909
4419
6087
9734
7668
4049
4091
1812
3887
6105
4593
8135
3130
6242
8995
7701
9234
3539
8281
1092
5110
8456
5458
3117
2813
6237
4460
705
1567
3473
8958
9237
2054
1150
6911
6868
7518
2172
7785
6479
7851
9439
6601
656
8917
2063
4912
6610
6900
2493
7969
2667
1633
6210
3889
8912
6716
7335
6767
8322
4680
9624
9153
5276
4886
2392
2446
5393
4531
2276
795
5726
3628
1129
9613
9343
5600
7103
9316
7208
5538
6637
4901
4745
4159
679
9241
6221
9515
5877
2695
6473
4524
9546
7706
1367
5338
6953
781
611
9435
7780
3598
204
1216
7243
472
5049
60
2852
2411
578
3846
8151
1857
5285
759
9279
9275
1910
404
5713
7965
8078
4598
106
5296
9380
3875
4827
8886
2641
1627
3795
2945
1771
2385
9037
6469
3745
6505
3104
1131
8833
1486
3542
1073
1254
8115
8814
1941
3741
2454
7235
4629
4421
578
5051
4258
4440
7699
2723
2720
9935
7805
1355
7520
4665
3662
7595
0
1119
946
6705
6528
9403
1713
9049
5489
3597
3592
1217
7796
6614
2563
1109
850
6624
6984
6113
4979
5656
9849
4978
6169
3826
1186
7540
8569
3
7323
5546
7483
1406
3080
2132
1973
8980
357
9287
5879
3584
8502
8222
6191
8288
3231
8042
1104
5535
8017
9123
9178
5447
6680
2240
3550
6054
7597
1989
6855
523
3391
1513
3104
628
1647
3234
9507
9049
703
4017
229
8481
5191
9812
265
4859
7708
1941
6977
9190
338
2020
113
9251
5421
4919
3090
763
4358
5539
4495
1258
6237
42
2874
6961
7408
218
9082
8308
7411
5039
7986
6797
8109
2182
8023
1524
9684
115
7590
2727
8997
2825
4355
4733
5065
2855
7149
2421
5569
4159
8994
9600
1701
3933
4614
8385
9151
8250
8352
9679
7738
8498
2679
4438
2853
8927
346
3164
9534
696
3406
8651
2510
7882
153
7188
1013
3284
5931
1950
1450
965
2480
9874
6860
6934
445
9144
5279
5312
7512
9646
1502
1626
9852
600
4362
7124
8586
6436
2455
6356
4162
8889
542
366
3617
3329
9780
9715
3736
4250
1506
652
4119
3955
8413
3670
4316
316
9660
4712
7397
7987
6931
3601
5791
4457
3524
4382
7701
9649
7445
8228
7306
3313
3586
3801
1366
7405
9469
8819
1383
5476
8651
1413
6530
3303
6953
5955
6194
9292
530
6468
8469
3037
9506
6007
7307
1720
5326
8819
7070
5562
4890
1835
8097
8427
2339
939
7900
8080
5066
4471
7946
5553
6949
4383
7890
3952
4546
5197
7358
2380
1863
4134
4204
327
6952
3159
4594
8747
5367
8728
9630
9161
2838
1754
5152
3948
1572
7100
8269
4872
368
9031
3124
2587
1955
5003
6745
9197
5806
1591
6711
2614
2190
8766
7826
8780
5039
7612
275
2287
5559
5962
3837
9366
9318
7859
1730
3306
1854
6511
9456
4255
2008
7192
409
7022
5729
9043
4541
431
4303
1258
4798
6075
9983
3192
4202
7063
4516
2083
7219
3303
3167
7963
2255
8545
9973
8765
6776
3743
1931
6817
5762
3718
5356
6007
1067
2968
7974
9211
8718
9162
6985
5292
6518
6118
9828
837
9484
4625
67
8826
9958
1797
6998
6508
6526
2860
4964
1904
3187
3475
8617
1560
4535
1504
1646
6791
7449
1168
2825
3370
3522
2470
9549
8038
6335
6307
1116
8127
8708
4
4254
4566
5226
9470
9361
3827
531
5661
8280
6157
4700
2515
6018
6257
480
6496
7824
9765
1314
8479
2517
3010
1303
7448
7537
9884
6315
7306
2858
464
4764
8733
2681
8927
4552
8677
731
1250
825
2221
2791
6206
5912
7506
3493
6803
1706
6125
2891
5999
983
3109
8128
4035
637
1911
2134
3057
6872
7661
1364
9937
5620
4128
3626
8388
9927
7538
7684
7230
4099
6552
6315
2555
7935
4713
4196
7827
5495
3042
9273
970
6180
9285
763
1911
607
3187
5935
6597
3346
3664
917
3770
6421
3241
1009
6560
3774
834
3655
1028
2890
6199
9476
9401
8665
905
1538
4060
4725
54
1511
9903
5399
4356
2231
2140
3626
1154
1406
4426
3139
3101
7908
2990
9709
547
8543
9098
9076
2001
2192
3081
2563
5825
6393
697
2865
3832
4245
5582
8336
1570
5409
871
3584
197
5347
7688
2227
4166
2654
5026
6934
9444
6724
7499
6460
4078
1160
4933
4328
765
3178
7468
4551
8410
6328
8099
3901
9326
1783
5590
6155
2219
6675
4917
9728
7326
4246
6791
9869
5416
4255
3247
3654
9318
8235
400
8550
5656
4421
2415
6311
3333
1623
5540
7915
216
5215
3771
9531
1094
5751
8598
4392
5424
8148
9448
3540
5121
7765
9825
7977
6675
900
5214
1609
6545
5664
5015
2218
3859
8520
3250
5693
5208
6973
5318
4725
5019
7925
2192
4019
1028
9419
7024
6894
8895
6411
3532
1858
3052
9102
808
5855
4987
314
6970
8659
4541
4900
7504
898
9896
4828
6137
8134
3605
834
8587
7992
4384
6810
4106
7578
2823
3216
4230
9631
8792
8800
7378
7020
6848
8019
2921
8851
3594
512
7073
9965
4515
4829
8550
1330
6553
4698
8456
9025
1466
4301
7211
1405
2955
2648
9062
8727
128
24
9071
5113
3977
3725
3800
7769
335
5077
9864
1093
2585
7386
7688
8800
6698
5638
3807
2407
4539
566
4060
698
4034
150
133
5989
5296
148
411
6543
3239
6082
4932
898
8274
3303
1516
7483
3321
9200
1776
5584
4030
5175
6204
1166
9977
8643
3770
5890
8503
3993
3765
5864
6712
9619
4336
3789
363
7786
6713
406
5637
9875
9043
4458
4309
1178
7781
3576
3142
6787
1520
3874
5724
2939
9324
8649
6997
8412
9035
3711
3800
520
6666
4316
5642
1822
3791
3033
1155
461
6137
5946
7502
1708
8661
591
2850
7791
7703
1798
4152
4962
7975
3707
5475
6050
9885
3248
7935
4501
9733
8192
2093
6772
6493
5485
9517
2355
2664
1453
1330
9567
2523
4706
6444
790
9642
5761
8275
2491
8997
4994
916
1260
5839
9401
3575
2275
1226
4606
1799
334
3054
2176
7833
6422
6980
5917
5720
1615
3936
7883
598
8249
1071
9464
7014
515
859
8302
4976
4255
940
8181
1810
7161
4061
6298
7465
9089
3863
2392
9681
8199
6869
4286
1601
9110
2250
6391
4412
273
2274
7223
6670
3005
1696
2154
6486
4982
4098
9024
7078
8380
9376
4599
5959
9158
1495
9909
3294
1248
9394
5210
4318
4195
5327
7774
2900
8935
3596
4214
9228
2004
6667
7779
3966
5998
7408
5701
6875
2553
7534
1379
6237
7806
1918
4003
7812
8621
1821
3031
8422
2619
9129
9597
9362
3804
5525
9699
418
2292
1124
4032
5680
9421
887
9371
5079
4020
4548
5442
3244
9882
8906
8933
3573
5869
2638
7539
9388
1015
3840
6314
2691
9467
6449
5527
967
1308
5366
3658
5659
858
4283
9455
5430
1570
9559
622
6946
1716
5568
8149
8861
9885
8171
3076
127
1017
2019
9186
7944
3882
7628
7765
9245
7318
7833
6463
659
2162
3584
6633
7700
3192
8657
6015
9758
6606
1233
2641
6452
9083
9881
3310
1399
3426
4334
574
6239
2376
3327
6441
3033
8111
2886
2222
8971
2064
9288
4829
930
4918
9543
1882
4341
647
7361
9417
2731
7867
9734
3178
5936
3349
9077
3836
3203
5553
5663
8799
2627
9618
7686
3743
6171
5291
500
3563
9225
5974
9370
6774
4576
4643
1327
6372
631
4197
9816
5014
3717
5547
1310
837
9831
158
1408
1568
8773
1476
6121
8561
3181
6712
6656
9797
3868
7211
7633
4501
9336
9118
2242
3714
7915
3990
6633
6031
2936
5290
7231
5427
976
7155
5430
3512
9530
3787
1533
4197
1878
4151
9247
2094
9665
7419
3909
4495
329
7019
3103
1885
3416
56
4019
2037
203
900
7447
90
9653
4831
9700
7807
2507
6691
6073
8048
6149
9741
3397
29
2462
9209
1139
1200
9799
2287
433
2004
4908
4532
1467
9881
5584
9820
8707
6565
7904
3393
3062
663
8014
6063
7161
5464
6969
3951
2489
5373
4418
9036
709
2343
3643
6461
3025
1243
7098
6990
5260
617
3889
9962
1952
6591
5066
5239
3179
4322
4720
2712
4240
3381
7872
5508
7649
5903
1401
4906
5065
9404
159
8142
6487
8069
7813
6392
7594
9653
7822
1681
8246
5351
1414
2037
8279
4545
5919
7384
9717
5151
8336
1705
5003
4309
1591
832
1523
5721
5602
4875
4718
2498
2968
1385
1691
3964
1937
9312
2686
9473
2541
8633
9827
1311
4049
178
9525
544
555
6058
7994
7153
716
4311
8137
3869
2564
3910
2439
1142
1120
5599
8583
9923
2617
8677
244
940
2653
9831
6957
5176
9128
6117
7983
4682
6292
1100
6091
2717
4872
176
3476
2993
5696
2359
9295
1208
1789
5407
6669
8539
4867
1816
1440
2629
9504
3366
3688
3020
3980
8372
694
1106
5015
9655
5511
3375
400
6405
9201
394
9830
8551
8823
3836
4906
9096
9643
3937
6263
330
4482
4864
6617
5684
4838
188
7118
9667
5114
662
9542
3333
2789
7078
166
9798
2622
1831
7394
484
9708
9441
563
6142
8185
1719
3787
7853
5542
918
1319
4780
405
6447
1881
766
861
2064
2391
198
9084
9852
4496
8957
4294
7871
7086
3047
9232
5011
5484
1600
6626
8988
5152
3479
7748
2744
9401
5245
5923
4147
183
69
2037
911
9374
5901
1033
3843
4095
9745
4333
4603
2114
7141
3427
8315
1608
1761
8209
5966
7923
9673
2387
6351
2315
6239
7190
6863
3646
4551
1304
3445
3485
9976
4733
2914
8894
7906
4301
4121
3685
8944
842
5444
9080
1960
6948
1923
2712
9307
4902
9460
5908
4467
6602
7837
1632
4496
5018
1779
9761
4257
8742
6221
2412
5668
617
883
7475
1457
8151
6438
5562
3589
689
7125
9148
6890
7989
3346
2467
849
4509
940
7872
2463
8164
3723
5038
989
7275
5363
9699
8435
7261
1171
7419
2240
2130
1670
9151
6344
395
3916
5365
2784
9674
388
2719
2793
872
9955
376
5629
2658
9840
9049
2492
9312
9867
9980
5254
135
5769
9427
492
6097
9590
9883
7326
1660
3337
3255
5985
4961
3567
8966
9337
6966
9364
2059
7994
592
7923
236
2488
2777
2183
9033
4529
7869
7300
3293
3245
513
551
5988
6407
4903
9206
9631
4412
836
9104
8070
9670
2938
8077
2022
9276
5310
7149
5818
4367
3506
3114
6187
8984
1618
5005
5774
9674
8131
6683
6889
5719
8483
3607
2434
2862
2145
9062
9368
3409
4190
5268
6537
6874
6241
5929
366
734
6683
7389
7818
3971
5011
7062
2736
5087
1286
7000
2468
7814
2369
1394
4449
9636
9234
5285
8171
4221
1638
9421
3848
2483
5614
2977
8103
1492
443
3576
1785
7466
4370
9043
4316
6041
2823
6855
5456
1657
8383
6814
1310
3257
7228
3816
3658
2626
3625
7583
1784
6236
2276
4723
8859
9184
6084
5150
7812
878
3892
3371
2709
9102
7467
1349
7783
8552
8766
5684
8057
9141
7815
2588
3634
722
4903
5730
3763
7515
4312
999
1648
8008
9273
6550
5934
117
8739
5580
4269
1822
8455
820
3500
2872
1088
6831
2931
5106
2660
7752
5605
5056
8230
7505
3061
1653
5519
9334
3403
2126
6691
1074
8639
3801
4590
4424
1627
2861
406
8384
1509
3781
6293
394
6644
8861
6636
962
3696
7541
9330
7991
9410
1555
5620
9844
412
2835
9913
3796
6622
2127
2650
2572
3804
4280
2161
5354
1688
1926
1156
7593
7284
7823
7673
9192
5908
1079
4416
4279
9614
2542
1049
4301
2683
4794
9786
1633
4474
2007
2974
2356
9018
661
1156
9026
8840
2925
491
5549
4504
5149
121
5782
6502
8692
7867
9458
7436
6285
2843
7563
9045
7012
7153
9171
7143
2552
7248
2646
8415
2811
9493
4660
7504
4995
2200
2822
7723
3975
5753
7348
9249
8830
7635
6166
4724
3641
4056
3392
4119
2478
6887
8948
3359
5589
6188
5459
8578
4625
3266
3286
6672
9906
2959
8680
1911
8393
7593
4715
2480
7687
3617
625
9501
7511
4284
564
3159
8962
3451
2956
528
123
501
5316
7701
9818
3519
204
3209
1493
4172
2280
8079
9731
4631
8893
1303
9634
1185
4904
8459
8669
1627
9931
1583
8827
2747
6326
4724
9724
9689
8684
1296
659
2594
6762
8273
8659
2783
269
7158
4112
4468
2950
3203
8572
3772
3891
844
7513
3372
6753
5408
5595
2976
2724
4236
6404
6397
3046
2562
1358
2534
9859
4984
4286
2421
8220
8154
7038
3988
8629
7767
8642
1694
5221
1931
30
5343
5548
4528
4529
4257
1905
9783
4200
812
2463
190
8375
1705
8438
726
67
6749
8033
2630
843
2434
1259
721
7842
1331
9197
2471
3465
5939
2682
2258
1828
9884
9682
8892
8964
8896
5295
4734
6060
7789
6849
5452
1466
748
4869
7232
5958
6023
8798
3009
2689
8575
6132
2768
6857
477
6221
4032
1541
1326
2065
7293
2530
2653
8634
9195
8281
7794
8974
1607
823
9067
2685
9353
8550
4894
4542
7589
9241
1117
1566
4005
7905
6985
2886
6184
2164
1708
6904
7043
8270
4650
5523
3562
3614
9361
9596
5507
5958
3361
8072
8985
7607
8469
9863
9645
6908
9463
4068
7905
4480
6667
1245
9803
6724
4902
898
1433
2318
5851
6778
6513
6707
2137
6189
5041
5601
243
8023
2935
9164
979
4857
1819
408
1690
5824
422
1655
9839
1550
554
2068
3102
1963
2214
7686
9046
5033
9116
2486
8207
1374
3263
627
4399
4588
622
6608
582
8967
7565
5877
5850
3452
8656
4758
6451
6240
3572
9327
5269
7257
9886
6874
3723
1903
3544
660
3299
4981
9186
3765
5008
2395
3982
520
5585
1849
7349
4627
8394
2542
1575
133
4262
1920
8190
6252
8521
1671
6906
5513
6276
2522
7335
9826
8940
1037
3254
1921
3487
563
6357
9757
5560
2197
6253
3041
1460
1242
1684
9439
5697
3275
6961
6207
5642
4835
9502
4730
9597
25
537
3723
5474
1087
6716
9274
3500
1564
4214
2288
455
7293
3120
1909
7722
1486
4225
9708
9922
4650
3328
6020
5519
7183
894
8693
9516
3291
9071
5048
9624
4221
6533
5110
1971
3608
3747
2511
9487
6543
886
2503
4178
7385
2855
7483
4220
7477
4551
4878
4408
253
5930
5651
5901
3607
1126
1028
4868
868
2323
300
3652
9198
7380
2953
3121
7014
6785
4987
5215
8400
9555
6204
9337
940
9811
1355
2885
6298
1243
4504
1816
1293
4970
3738
7366
345
7699
8788
5237
7553
8034
776
8569
9033
914
6878
5920
3143
956
8527
8799
9803
7935
2721
4298
2454
1305
8304
3454
3977
6847
9063
4653
6262
9290
4680
79
7915
5151
369
108
7179
4102
898
1297
9224
1675
7278
283
7598
9649
5604
6052
905
2419
1483
1015
9450
6355
9928
200
8047
8771
737
8150
442
169
388
2220
3107
1645
2396
1216
9548
208
6550
2737
4477
987
4834
6874
2365
8220
4181
6440
1377
5676
212
4500
7342
651
1464
375
3877
5777
6552
7083
6604
853
8676
369
1988
3922
6463
7675
1664
4864
4526
7754
9419
5480
114
954
7575
318
4490
1312
1644
3472
5995
2620
2480
199
4827
585
4325
6851
828
4104
1042
903
1142
5614
7806
1014
3510
980
9432
824
5374
7044
1886
320
5181
7804
6085
403
8016
4053
6765
3293
3771
2319
1614
692
3742
7228
2204
8184
6741
3298
4794
3403
278
9880
3513
981
8786
3369
2549
6835
155
1652
4484
6930
1118
6309
7795
2737
6684
3558
9918
5215
1808
1550
7263
4632
8335
1998
7551
1492
7053
8362
9580
6934
6508
7471
2575
134
1711
5633
8539
1244
8815
7217
6576
5205
8688
8470
4170
1373
7425
2194
2780
3292
2058
4418
4485
1580
1021
5679
6126
5295
9993
8317
1773
8407
5510
3029
2318
2132
4459
310
1347
5709
2993
3046
9544
4967
6347
8261
2657
2949
889
2061
2816
4299
2897
6470
1365
6460
2610
1424
7339
4770
228
1616
6093
5864
365
708
2480
5999
2844
9279
9773
4311
2375
7917
272
4721
9010
1296
6436
2177
9554
6197
8889
428
1270
1390
3331
8181
6909
7308
6321
7799
2060
9703
884
613
1969
1927
3680
5921
9816
6302
5887
7519
7748
3722
4902
8701
2469
7329
8113
6504
6350
3776
5171
2125
8926
6837
1469
6764
1081
109
2514
3147
5203
8320
7141
5239
1484
2844
7166
2639
6885
234
7333
7610
8944
3251
9092
2125
6771
7146
7125
8280
8906
4591
5086
687
2320
7654
3163
2178
7738
7198
5397
4964
666
1158
4681
6308
2398
9910
3986
2547
762
547
7473
5941
7630
4427
3760
2898
4132
2004
1872
4527
42
8267
7216
4004
8384
2899
9173
3968
3603
5438
703
8477
7519
7454
6232
2803
5545
5527
7517
2989
163
8764
4631
280
7631
1323
5281
1051
501
6081
8133
820
9974
6300
7526
8575
4055
4827
5008
5833
791
7004
2178
1883
1656
7014
5258
8303
3794
7829
4304
4391
4505
473
3543
2484
3885
2418
7309
3741
8666
949
1866
9270
5389
3130
4889
4812
1025
5551
6548
65
5041
5968
138
9064
6599
1000
9682
3918
104
9553
3694
5964
2546
3657
3961
4266
882
8861
9907
1226
3897
3079
2876
6478
6389
2312
1131
1113
486
6855
2986
6655
300
4805
7665
3479
2590
4386
4069
1288
463
9854
8297
8989
5985
5548
6945
4463
122
1214
5543
2168
9187
5101
7331
1110
4716
5398
6621
6433
5973
709
4637
6444
5541
8202
6572
6383
9733
9703
338
6607
7900
4126
6398
5713
9366
1162
9243
6155
2935
2651
9484
8027
8337
5746
2705
629
5853
6557
8388
6932
4694
9044
293
3444
9146
1788
4084
1050
1281
4431
392
8294
391
7350
2821
3278
6060
6371
9289
6844
6089
8327
6471
5902
2974
3729
7494
7282
8101
2160
3694
6942
8696
7438
7606
3305
9502
1895
7818
2012
5102
4419
7056
5973
4732
8243
100
1575
5081
9400
2792
3200
6005
5443
6754
6136
3872
4846
1714
5312
4726
8687
3109
4682
7017
9382
6775
2673
6912
6626
8162
5720
2221
9829
9769
3916
7541
4062
1218
9136
9482
4531
7587
2471
1633
5915
9586
6144
9191
5403
4274
4536
7872
5344
1113
6586
4930
2326
7918
4347
9326
6930
5972
4778
3045
2734
5640
7579
1868
4008
798
7279
2630
6498
2895
6341
6218
7501
4809
4988
5255
2357
138
2532
1989
251
5672
8782
5249
6250
649
1500
365
3465
8868
6030
9115
3653
267
9129
6673
5223
3826
2512
9284
167
2673
6296
2753
1035
4733
7383
5880
8888
8273
3009
476
7990
98
1879
912
3119
5889
535
1546
5889
7462
6058
8410
6646
8150
7128
5436
5871
4205
6754
6907
684
1246
2408
7617
8733
5978
5833
561
265
9312
7548
6687
4511
9963
4101
6285
4999
3413
6704
1154
1604
758
3115
8591
7411
4886
422
4740
7842
7933
8123
5139
6477
7782
9567
8541
2435
6124
7368
254
9175
7753
2925
315
7363
6353
1936
5207
6692
140
815
6123
4053
1463
794
6593
9660
1767
7421
8632
8178
297
9975
201
7794
6087
5728
4250
9819
6306
3477
2380
3198
6876
2471
3135
9048
615
7395
3885
464
4173
9623
175
6507
6662
2400
254
1792
624
5081
8890
7981
4271
8422
9423
7184
2053
3588
5077
6070
5585
4081
46
2216
7355
8912
8024
2407
6672
8684
142
6891
9401
6574
76
1941
4400
3138
214
3414
5321
3224
9515
1974
3774
4236
2082
3218
3934
2291
9431
2209
8580
5316
8380
5056
4033
689
5669
1051
2405
8114
6604
6369
2554
3246
6715
3608
976
2482
2994
5939
3617
9363
5418
2113
2609
1275
7984
7336
8678
2335
4714
371
6101
5101
3363
5003
5134
8468
9271
3803
7606
8544
3475
7061
4425
9685
9581
8041
3786
7152
2080
4739
3373
8768
8394
67
7662
8746
8592
7219
5957
2113
6891
9144
7884
3293
4832
6593
6945
5847
3731
6554
5875
5971
2066
1645
7642
1896
6556
8993
850
689
2981
7803
2997
1794
7760
8823
954
9828
4796
5279
7564
8621
4684
7729
5126
7602
7433
4884
9166
8775
5357
8452
5086
4168
9856
403
5023
4984
5632
6621
1237
6524
9884
8754
4794
4149
172
4334
3677
9422
689
3446
6414
878
9974
8039
897
1629
1670
2056
5782
6457
9546
7845
3181
9007
1438
9576
8327
2817
3125
8833
9997
3419
2208
7916
8365
4467
3341
6165
4771
5647
8292
1547
7922
3083
9123
6739
5450
1491
6372
3812
8595
7058
5130
1617
3681
654
9442
1669
8345
6968
8229
906
2403
8936
505
5342
7907
3968
6566
3211
7614
3035
5508
6872
1863
4433
872
9448
422
8196
5982
6960
277
5341
4178
5752
9850
8619
7338
7965
3941
7866
7531
7235
570
9653
5312
4320
7708
3944
5629
3651
687
5716
6210
5596
1326
1601
4572
1550
1845
6421
4148
5119
6186
7375
2642
8735
1452
4628
8665
4311
7880
7453
6929
1958
9917
5389
6164
2223
6886
7959
8946
9288
9874
2204
5663
3139
6706
8145
3097
379
7999
2262
9537
1165
785
6934
5931
4110
8453
4034
6618
9060
6333
1380
8642
8223
2699
3018
4061
8903
814
9481
2955
7017
5470
6959
5185
2959
5741
9472
6045
9586
2517
4768
4841
4946
5166
2714
6634
6482
4641
9870
9677
5235
3354
9188
6448
9551
3525
6396
2600
9388
2864
9118
9209
4143
1518
1890
8314
4895
811
6592
255
3041
1504
9103
5934
2242
181
9429
8227
1256
3375
2829
8840
4620
3116
5284
8513
8921
1892
370
9863
1484
2267
8209
2117
2255
124
5358
4381
4110
4197
616
6246
977
2241
2921
2455
4877
4776
2072
1639
50
2200
5260
1782
3311
322
7262
1789
5714
8483
6752
2559
9522
9102
5173
9932
5762
2807
5582
9935
8033
7347
5360
5680
8248
6534
7189
677
4720
7713
5118
1747
3625
6359
3350
4304
9783
986
895
4266
8451
6106
5004
3030
5510
9426
657
6211
2312
5332
4766
9137
5507
7670
303
5210
9554
1489
8385
4709
2549
8606
3557
640
5707
5770
756
6667
8305
7570
9341
5057
1900
3324
3585
6120
9662
6455
3079
6136
8245
3442
5474
8190
3953
5668
4706
7112
1700
1690
6144
8632
6850
1251
8290
9657
2221
3890
8089
8405
5830
4157
6698
8185
9639
4802
1274
1413
9025
8041
7886
2823
3244
1395
9881
1389
8336
2335
8465
2871
9743
6926
4074
5425
1780
8476
9966
1336
793
1108
5779
9021
8320
4136
5355
2364
3816
1666
2906
7309
5237
8099
4014
6911
4584
7320
3084
3112
871
6415
9565
6964
8070
5530
4727
382
8009
5601
7341
4015
2287
2709
169
7737
5113
8885
7257
7290
3740
9895
1052
2905
5779
7261
6549
5373
1826
6021
5071
8537
7496
9998
499
8458
3636
3773
8601
5011
6850
7778
7774
5358
9858
3073
3081
4169
4454
1940
7748
3791
8208
9307
4960
3209
9634
394
3097
8861
6038
9692
9107
4450
4708
3820
1876
6454
626
5894
6403
1227
906
5603
7317
4189
862
8463
2383
357
4092
2535
6054
8427
4426
8898
4441
272
5910
9291
7726
943
4822
7850
9298
2863
6637
4496
6616
1553
8205
8841
4297
8716
7405
893
8816
9116
5130
7208
2075
8960
3412
9854
6167
9164
1212
6105
5909
1399
9054
1117
1735
9169
1355
2334
S 3232 790
M 2041 3009
S 1527 367
M 2644 3997
S 886 612
S 825 281
M 1531 3291
M 1968 3963
S 152 937
S 1720 644
S 4579 443
S 3866 844
M 3109 4588
M 953 3767
S 2749 603
S 4496 782
S 3634 60
S 4572 265
S 4867 375
M 2421 3771
M 487 4755
S 785 667
M 2421 4289
S 2575 1000
S 2817 847
S 3266 446
S 54 546
S 4061 311
S 4920 494
M 4122 4804
M 1120 4754
S 2107 407
M 4754 4992
S 4998 901
S 1644 499
S 2477 335
M 421 884
M 4649 4828
M 2179 2364
S 422 915
S 2824 661
M 1128 2257
M 3499 4927
S 1401 905
S 2892 208
M 210 3996
M 1581 4715
S 938 567
S 2372 451
M 4584 4787
S 1514 8
S 847 565
S 2300 700
S 2630 704
M 618 4015
M 1347 1637
S 4545 331
S 3079 643
M 3329 4714
M 636 3553
S 225 408
S 4060 137
S 2671 512
M 4927 4964
M 4759 4862
M 2047 3753
S 1209 755
S 1734 924
M 1388 2468
M 3048 4037
M 422 1143
M 2144 2164
M 4154 4361
M 1567 3580
S 4763 469
S 4721 353
S 4993 205
M 371 4738
M 2479 3143
M 1090 4455
M 3285 4194
M 3016 4321
S 1255 745
S 2689 499
M 142 3822
M 2242 3382
S 468 122
S 4089 504
S 1728 6
S 4946 468
M 4922 4923
M 2483 4504
M 2923 4450
S 1049 313
M 304 2900
M 1461 3415
S 603 235
S 3242 635
M 4922 4926
M 4328 4930
END
3942
9537
2679
236
8906
4259
1101
3163
241
7543
1070
961
2507
7112
2573
9589
5208
3954
9070
4991
4690
3865
4708
5833
2590
4795
9847
5770
6942
3094
3622
9871
3601
7721
1709
1772
3952
4923
239
5863
8605
815
3761
66
9819
4348
895
6909
7565
4221
9577
7389
6290
2879
527
3570
9355
3237
9830
4166
1701
5139
2128
497
6718
2456
7881
7469
3435
8703
2855
868
4103
8041
3924
5679
3752
4718
562
4155
6515
8980
6946
1866
6076
6863
9886
3366
2029
7083
3906
862
6551
7644
5018
1194
1378
852
6520
9242
7680
3992
1952
1216
8850
5768
5765
8434
7076
3809
9556
3528
2190
9060
9413
4952
3924
5980
8566
2145
9855
5839
6489
6651
9523
3957
1610
8554
1195
19
5858
8535
1648
6694
9868
6882
9862
4612
1498
6052
7872
9141
6242
4024
6076
5868
3560
3956
9930
2623
1171
5756
4996
2563
5041
5436
6337
8496
5303
6052
6549
5300
7524
208
1244
7906
7419
5138
9560
8690
3147
8053
2991
5750
6964
3429
6507
3073
359
5964
3271
8461
632
3299
5892
8173
6687
7190
3020
8133
8110
206
1524
6903
5250
6145
1574
3470
2084
5046
6588
7502
386
2372
8443
6225
8087
1794
1068
1583
7343
8644
2937
6511
5247
9074
3469
4009
6647
7101
9167
6825
6755
4510
8667
1936
6814
1464
6407
9853
8521
5968
2195
5788
6313
9931
6441
6948
5599
3767
4134
6857
3602
6904
1429
8304
9556
476
5192
4051
7571
9536
9647
341
8093
3969
7642
943
6576
6873
8410
7507
714
1527
659
8523
690
8248
6758
3145
8567
4132
9821
4369
8012
3199
1645
2056
7034
6258
7398
3217
2841
377
87
2763
3520
9790
400
7233
621
1123
5321
1836
9325
2527
1255
7843
8551
7255
3211
8787
3424
760
6207
8811
3460
5847
105
9213
3305
437
1572
1137
440
1695
3895
2744
7141
8281
9009
5632
1170
1456
9619
6013
3698
1019
9416
3940
1361
7516
1324
4481
2142
7904
3754
2207
6823
6062
606
5885
4787
5742
5916
6924
6764
5290
9975
6717
9966
6867
9511
3727
8682
4947
2479
2683
3157
6423
9584
2200
9561
2982
6810
6979
4417
9320
2453
8597
3610
9429
1983
5983
6958
3589
4805
7432
9808
3995
2093
7076
5006
1922
7923
1013
8822
9921
562
1436
7274
4865
1600
2112
5736
9706
3107
9759
7531
7506
5264
6018
6395
38
5832
698
2631
9392
9635
9655
5784
2903
3936
7896
7617
341
8117
9561
9703
8726
4514
7233
2123
3162
4291
8874
5093
2092
6196
9319
6422
5821
1305
2323
6249
6591
9601
5380
3368
2378
8851
5632
3687
9897
6678
943
7493
7642
6670
1713
4142
3717
253
6766
6692
8049
9122
9812
7553
4771
3655
5442
6510
7896
9345
4074
7229
9490
6919
6633
9564
7669
4587
9704
6798
5561
1978
1988
1903
7977
3620
3539
6655
5046
2794
2909
5798
9048
2301
4227
4814
2723
9501
5932
8248
1197
1121
366
2426
7223
6883
9928
7667
7289
171
1166
567
4888
644
5536
7973
6561
5336
1159
3193
775
2146
1552
4647
8726
8186
6739
2862
2744
9140
8832
411
9316
4969
4880
8856
7569
9679
5347
5444
1908
3662
4307
5045
2941
9345
5647
2271
3389
7643
5802
6782
8133
3874
7469
8931
3784
2098
9998
4380
7820
8298
4990
5138
7622
976
8323
3383
9577
6156
4612
5151
1570
3610
1083
8519
6556
6129
6079
3504
4903
4543
9660
8645
8113
7510
7853
2886
2887
2469
407
4771
153
868
6546
7186
2359
9583
8573
1221
5438
1209
5249
9476
3621
9792
8269
9776
466
6962
8240
5006
8424
7805
3162
9784
6061
5281
7272
2473
2794
6644
4428
6891
7989
5750
7286
5084
3491
3508
8454
7109
3624
3691
8309
6425
436
7850
8619
9795
6863
6456
2875
2774
2610
5989
3259
4259
1210
6394
2898
3579
4997
5165
5991
5281
9360
6342
3490
2776
63
5402
2510
9725
3452
1092
9204
6567
8322
8666
6026
9992
9759
2907
4144
9040
4299
5340
4699
1035
1912
1903
7910
3412
8089
2769
1736
8466
9433
9262
8979
2189
8981
5853
2090
1778
2168
3135
5478
8625
5234
7080
7804
7724
30
4010
1741
5029
8950
736
5650
1853
4967
2618
5352
6802
4912
8048
4419
2411
4076
9197
5354
5704
1708
5423
4215
2362
5610
3206
5291
5513
4950
3858
4349
1083
6911
8347
1045
4274
2441
681
5573
2295
5993
4398
9396
5118
5342
1597
6945
9903
7933
9166
2623
1591
2265
9638
417
35
6897
7486
1289
9494
3920
8601
4782
5765
9373
683
2280
8516
9903
2534
4394
6854
8528
7223
8014
7751
5683
4577
2610
6188
3011
3829
9342
5364
1920
9008
6643
9878
7041
2163
9558
3667
9633
5882
2737
5249
9450
5512
2198
1048
5216
8922
2937
1549
1633
4773
5961
485
3084
1617
2302
7062
8986
4722
4816
5940
3290
7007
6721
7341
9584
3843
1250
3889
9302
8414
2047
700
9851
2158
8806
9216
5542
1156
3227
8694
7471
5557
4857
1308
6392
7494
7744
819
1630
4536
1340
6031
2179
4194
2721
6318
5763
3913
3075
3243
8488
5079
5402
5178
1676
2943
1095
1228
5769
4439
3515
3830
8585
2118
8712
4667
6537
3759
3488
1614
6297
3945
6103
395
4418
8698
3356
6122
1741
2417
8551
6237
6107
3350
3803
5667
3654
1206
5520
5663
4240
7267
9012
8277
7690
2184
9487
5565
8609
8899
3883
7183
472
8806
7
2583
1542
4231
2487
3558
1388
2984
4901
1168
35
8782
8878
8768
7837
8566
1046
1275
1055
8940
4369
9593
8868
7792
6611
3308
2744
4933
9273
1438
935
4164
3071
8205
7235
7020
8234
6275
1161
8598
4670
8574
4316
9697
4951
5482
3202
392
5914
2570
8598
258
532
9324
2716
5147
2122
5032
147
5502
5877
7973
5591
3467
668
3951
243
6393
2713
9230
2320
5998
880
7607
8783
9952
8130
6426
3953
1097
4416
7269
2340
9311
4801
1708
7295
1900
4699
5910
2275
1972
7629
3317
2266
2188
7517
4743
4998
5633
8409
5064
276
3822
4578
5496
5109
648
8356
936
5350
4985
8005
5259
1330
4873
4160
9185
3932
304
1416
6037
9730
881
7128
4973
5037
2743
5412
4984
4032
8190
2835
9582
86
2524
9399
5026
6126
3022
4618
1193
325
8438
2613
8732
5174
7004
7892
4848
4924
7639
7134
2194
9042
1842
6642
7554
2365
7685
6157
3658
372
4908
7680
9486
4191
4396
8225
8307
3275
1946
4247
7011
2324
6442
1010
6296
5080
3212
499
7318
7246
6730
5076
96
711
8805
7035
2812
1063
2795
3096
5625
7600
7546
7159
5069
9734
8789
7169
1591
7337
26
9278
3496
1660
3988
5210
2286
5428
2647
5814
8535
9743
4589
9173
4302
7205
7015
6256
4516
4051
3811
8887
3848
2727
5556
6628
3577
3977
2511
2991
3693
3422
7021
5885
3467
9797
7243
8781
7673
5553
6028
8950
2809
7204
2954
9732
4401
5394
6935
5386
1308
8179
1654
6191
5673
5552
6689
5099
8055
9940
7842
2799
1555
6961
9109
9722
988
4434
6758
4911
744
2325
8462
9780
8421
5328
1259
4619
3476
4964
4938
1587
7184
725
1820
8871
8063
6221
1053
2062
8775
5895
1791
1792
5363
9653
398
1274
9861
7113
1244
4722
3151
1168
4867
3398
8980
3508
5026
1542
8586
3312
6292
2271
8602
3954
6071
89
2782
3296
5661
6174
1491
7080
354
3245
9529
70
3531
7634
3174
6367
2349
4496
8223
5284
4275
8752
9248
7491
9151
8010
9453
8479
1387
1553
3034
7998
6745
2003
1077
1180
6057
9940
5907
5127
7692
3368
895
9875
7451
8965
4365
204
196
1099
4520
1441
3424
1823
2854
267
7371
9712
9738
4554
7471
5774
173
3687
6182
8364
2778
3711
644
5777
6510
5365
2349
5963
9376
4229
2792
3042
5485
4651
924
2725
747
4155
1694
8273
507
229
409
8117
8328
4489
8407
2337
8858
3627
232
1306
6748
299
8644
8739
2653
4750
5796
1158
6718
9327
192
9108
3127
2617
1833
5423
7087
640
737
9742
8087
3612
10
7204
1791
1707
7961
6493
5009
8048
7535
820
4103
5003
9519
5988
574
6961
4752
6775
13
4961
7892
4590
1291
5704
9567
2638
4206
7943
5679
4992
4485
1945
8469
1405
5914
7665
6842
1898
3084
4957
1463
2341
58
8163
6063
5572
210
7025
4139
6988
6384
1025
460
7791
8130
6817
6480
6274
1311
1419
1203
7464
654
5168
6965
5389
5660
4514
3327
7879
5187
4269
7861
1330
3732
8679
8046
4600
3558
6216
8417
9223
9467
3653
2490
6090
9552
6623
9579
9655
9913
5846
5559
2616
5414
2013
7750
7098
2830
2040
2292
4570
3151
7627
3771
9593
3413
578
3003
8809
8529
8853
1008
9372
8160
2490
1260
2353
9950
2781
5110
1783
8295
1543
2351
1056
3510
906
912
2151
4875
119
3028
5980
3900
1293
5507
2438
592
2334
6321
4788
252
8089
8663
309
3667
367
9993
3019
176
7111
6084
4301
2836
3033
884
8687
8297
2501
6058
9384
3659
1348
7728
1336
440
4909
9231
4847
3752
3521
6269
483
8264
5326
8751
6822
3166
534
3340
8221
7076
1721
6038
5372
8157
8662
5925
1122
6005
3685
6561
4527
1257
7390
4220
8982
1436
7631
20
2513
5534
5311
9099
4637
1862
301
4888
2005
1764
5126
8261
2612
6676
7739
9864
4787
1348
2244
5066
7541
4543
210
4693
1193
3620
2132
9198
9192
3517
9222
1420
840
5050
5451
4178
5549
8233
7979
3785
3532
6930
8105
8904
4914
599
4876
4300
9750
2007
9938
6748
1050
2500
7972
3346
351
4940
8179
885
7657
6951
6114
2337
7724
2494
1781
8839
7408
3588
7575
9185
2823
8120
4483
9931
5728
2341
3532
8797
656
9681
7947
2762
1230
5386
4539
9087
1774
8159
1197
3068
5528
9080
5463
2653
1572
8864
3703
2287
8701
1852
8948
8186
4217
8092
5987
6714
642
9672
1537
611
8207
896
4338
8950
2782
1440
324
8317
4535
9851
3102
1114
2557
6794
9253
6640
9324
1558
9799
4142
2138
2055
4114
905
9822
268
1650
902
9956
1477
3716
9307
4695
7577
299
8178
9392
1441
3886
4634
5623
3327
7309
1320
8060
3502
5648
1718
7233
1009
5076
6714
7447
7912
8023
351
8100
8807
2586
6147
5120
3465
348
4158
974
6697
4605
3811
3398
3575
5776
2634
5975
5892
5054
4866
2870
1627
3799
8472
5396
8405
7084
1844
3987
2642
179
1349
7018
3977
9651
5023
3844
1032
1989
8098
9517
9837
3340
2123
5121
8488
5727
2771
8653
6162
3155
6650
9399
700
3162
7684
9163
573
9191
2908
3089
2694
3451
237
4498
9828
2574
6105
3453
414
282
198
2532
7815
3826
5185
1176
8933
5506
8264
7953
5658
9186
4890
4831
1526
2167
2335
1043
5954
8278
229
7273
2308
5375
59
4856
7593
948
3296
7501
6199
5830
5242
9290
2099
7527
3914
5933
1563
7360
1670
344
7769
7319
655
5496
189
2497
3012
5179
2276
2143
1597
6490
2872
2242
327
9877
7999
4394
5826
523
277
7500
7720
5812
6117
6170
9734
8310
9246
6168
4463
1049
7734
3967
2068
4021
1749
3843
9712
4095
7471
4538
2976
6265
5433
9921
2286
9588
324
8549
4129
3605
502
4366
4220
1939
2699
5301
2711
1674
8065
1802
8654
8537
2840
2968
5719
163
1611
8485
7778
4969
4536
4247
74
2348
5015
3030
4819
570
4135
1046
4356
7201
8973
3544
100
5386
4058
1839
5487
1380
849
3318
8426
9675
7952
4604
5052
7059
5631
6736
2642
6203
6856
1009
4681
9860
3300
5428
263
507
7625
3742
1419
2807
1293
5889
4804
4018
2651
4297
4746
1544
5528
2062
9546
7867
4147
409
6425
423
4727
10000
7883
6617
4973
6791
3814
423
6333
5333
5593
2899
7900
4487
1374
3402
1552
42
5737
1519
159
1471
59
4758
3567
2238
8173
449
5972
2230
2113
838
1486
6911
4129
9239
6705
7206
7699
8446
3003
3962
2241
3429
2739
4449
3553
1655
9398
5206
135
9248
5431
6046
4963
5994
5783
1348
6274
8116
9875
2972
935
3900
4451
9786
9651
8776
6361
8941
9063
440
5868
543
512
6823
814
8657
1321
5533
295
2879
574
7549
1882
6512
1596
9509
7382
2511
9170
5543
3470
5267
1471
1795
5512
8372
3269
9752
3393
2381
9815
5525
5303
8625
395
4553
3384
7122
9286
8496
5135
9782
8240
6736
3251
4957
2547
3112
1360
8457
7805
116
5646
3584
945
5448
1781
8174
8220
2247
975
305
547
5636
7581
8120
7647
1107
9727
8597
2454
5194
6459
382
5019
5233
2045
4100
7572
5258
9047
9105
360
2816
1728
9029
5271
2518
6457
5827
1568
4961
8800
7979
8373
9237
1911
7102
775
1282
244
552
4839
1518
4433
8210
1267
1831
3868
4854
8155
768
6506
978
4717
1582
5937
6243
6822
827
8140
7395
1822
8872
1222
2419
3599
4921
2651
7616
1205
9123
6046
2380
7016
9784
3769
4982
3102
1498
713
8408
2086
5524
9701
7774
4748
8218
3832
1320
8002
6562
9602
4548
5333
6290
9502
4887
661
5313
4922
2155
7074
250
4897
1029
465
1900
3434
3926
2790
927
2459
8780
5850
7263
4966
7589
5000
8336
336
9627
5772
4259
3852
2760
2616
3955
8177
4931
1073
6118
2990
9818
3222
7399
7284
486
1977
7443
1262
3090
1413
7769
6557
601
5754
776
5352
4801
5199
980
299
2808
3840
7823
6688
3235
3041
5915
1469
6842
8724
9964
3403
4107
4920
465
9162
3130
4941
6426
2030
1988
9069
9384
7637
159
7767
5855
9064
4269
103
4984
5717
1904
3983
4485
2014
7259
2341
5502
5711
8590
6117
6121
3733
3235
7751
9329
6842
2683
2856
9256
9877
864
4474
6644
5808
7081
6890
2597
8272
4913
9331
2212
3886
8072
1996
1967
998
9765
7868
7836
5427
4633
1548
3328
8355
3918
2293
7474
5984
242
4390
4386
9262
4675
9082
8696
1764
4377
798
6624
7457
5031
8819
4502
2028
7189
1026
1234
6887
7662
2263
7211
2803
4641
3906
4205
5566
3354
9331
7009
963
1734
7197
2990
5666
5419
1259
7467
7373
2984
4961
6934
310
5830
6052
9649
9097
4845
7319
5705
9718
3230
1461
7403
4402
579
8463
7304
5556
3905
3983
9388
5027
820
4220
3420
2733
4499
341
3523
5237
9149
9377
7681
3520
7526
9218
120
7979
2681
1881
8117
10
3668
2957
9439
1273
7682
5297
2318
3495
4328
6924
4869
7921
6627
5170
7803
1767
6270
403
9232
9847
7353
7893
6323
3868
4457
8717
4091
5225
3949
409
6721
4255
9646
3763
5120
693
9810
5121
1091
3280
5968
3498
1447
6382
8022
5675
2567
3958
4721
6660
9049
3821
8144
9610
7374
7191
5200
7722
3108
6911
9810
3035
8550
3822
2123
8104
7478
2324
6573
7370
8118
3379
9906
9904
789
1002
2823
5259
4061
201
7227
1418
2398
1057
650
183
3697
9657
5684
9112
5708
4771
3906
7187
1336
2523
3676
5867
486
2277
1745
1429
3271
6925
5548
3037
7184
6443
2723
5575
45
254
9950
900
1544
4546
8521
7772
3554
3554
434
3250
4316
498
9029
5735
1173
9087
6391
8632
5380
1308
3982
1745
1882
7604
8209
7080
9906
2403
7879
1355
460
9328
4734
8209
5397
4983
8695
7519
9553
4139
6229
2373
5586
3507
2472
2872
5524
2767
4226
3407
6990
1161
1750
4283
907
6510
5523
3847
8042
4552
2140
6084
5710
9762
9417
381
2725
5169
4538
6284
1033
4199
9893
1238
2409
9420
2463
9218
8648
3112
598
748
3869
4341
1419
1097
4124
7201
1738
6292
4085
7838
6517
5328
3451
4786
4894
7825
5472
8056
1959
4203
8407
8281
9318
4211
509
6607
960
6633
4165
7510
4975
1032
3411
8116
6227
1084
5096
214
6673
2679
2277
6574
9402
2971
4759
7050
8292
5696
7403
6816
4144
4534
259
2132
9608
3288
4176
4306
5099
7513
2404
8080
5532
9534
9097
925
5484
1624
6193
4950
8803
4011
5478
8353
8094
4122
391
6598
4901
8754
4203
2095
7571
9479
3244
5316
4459
6564
3797
9398
5179
610
4469
2984
3249
2455
1387
3797
2831
8400
8002
475
4480
9840
7611
9571
705
5051
6657
2056
482
7417
8694
9062
7735
7392
5865
3416
6739
6093
2762
9836
1984
3256
3304
2851
3594
1566
6813
1187
391
1887
8989
5195
7373
2067
1353
820
6613
3841
8091
9328
2007
8750
8877
9512
3311
7403
7560
8955
9334
4291
7956
1423
2164
5374
2137
408
2153
8631
7701
6889
2314
6729
4992
6045
2743
7793
313
7613
1998
4047
3542
7613
624
6092
6480
6200
9817
7082
2973
9789
9538
3569
1495
4299
4058
3779
4177
1954
2442
7296
1179
9715
2669
1344
3748
9797
3199
7148
2293
7620
62
4376
7321
8222
3707
5811
5622
281
8832
6513
6538
8360
3391
7622
4229
5350
8900
1666
1966
8091
7597
4954
2780
6201
9909
4454
5915
1342
9167
4474
7148
7518
9074
3936
8137
513
2562
7107
3766
6282
7439
2238
498
7439
3628
3025
2901
3149
1793
5553
3253
3868
2901
6954
4153
8831
8585
72
1887
7423
151
6945
3643
5269
1042
2175
6272
7306
3793
7539
1652
1437
2953
5660
3609
573
3527
2058
9539
1100
145
2250
9540
2055
6086
9420
9349
6481
6980
3388
4676
8261
60
560
765
9514
3591
4770
8985
6067
3236
7371
3831
8737
8034
8795
9189
7320
798
3011
9481
8221
1373
9182
1255
622
6757
9728
3931
3979
6491
4856
5439
5546
4884
705
368
8640
2087
4061
4059
6382
6176
8005
215
4989
9379
6480
5981
5450
1444
6434
8691
9931
963
5735
9109
8378
6799
223
6740
9439
851
7702
5085
5978
7565
4546
277
8878
7463
9321
9906
4058
3630
2840
8443
7294
8320
376
1624
5081
2405
8998
2427
4738
9727
7092
8081
1637
3101
229
5241
2714
5918
4604
3645
6249
4425
275
3446
4850
1902
8560
7266
2410
7760
2635
5890
1278
8269
7724
2321
5996
7930
6374
4938
3251
2771
8121
2294
4472
1758
3490
8559
6347
1877
9074
9125
9188
8762
3019
1506
8795
1649
8036
141
8768
2869
6628
7612
4300
6380
1403
6682
7100
5615
297
239
6897
3003
6846
4108
2988
2372
6737
7247
1667
6781
1800
6286
8006
1607
6491
4226
4814
6381
81
4225
5894
7804
3455
2398
9554
3790
6573
13
5330
3750
687
2598
9369
2100
3078
1911
8237
5655
4571
6354
2372
1647
8750
8267
4013
4698
5983
9137
7255
3998
5772
9280
1246
6070
4855
6175
6616
4194
1377
8293
1002
2103
1756
9856
3164
3125
6337
9506
9467
3128
8950
336
7379
9531
4829
6206
5525
5198
4015
8666
8765
3811
7888
313
4147
9557
8796
4885
2731
3970
2030
2645
1685
4784
4634
8935
1918
8753
1717
544
3278
4258
1808
4137
8110
5101
7199
9214
2005
627
6475
4514
6029
713
393
8733
3392
2680
8846
7316
541
2616
2299
2168
1067
2550
9833
7895
8669
5789
9368
8662
3757
7068
6444
6848
3208
670
7543
783
603
125
6299
5327
6344
4261
8036
7191
9619
7232
289
7195
2361
8001
3221
5207
2119
9032
4671
3817
4359
8437
3726
8826
7190
8223
1815
6448
8937
8637
6032
4021
6622
4788
6909
8925
8247
3759
8596
9883
8870
6428
3634
4378
8758
1962
8920
5954
2812
8045
2315
5542
3811
8240
5482
7010
3951
4415
1158
4789
6120
4905
5928
2338
8023
1406
351
2831
1170
5422
3219
9389
8460
1405
9988
4691
6932
4729
4254
9632
9172
1486
51
9765
6582
9715
5947
4132
1953
9227
1846
5842
4305
5349
3066
3304
4968
1088
1214
5966
1835
460
3885
4285
8403
4192
8412
2516
3378
8741
7889
613
2512
3452
7742
824
9052
734
8699
6172
4505
2588
2619
9598
3961
706
5820
7503
3013
7704
3915
9870
2576
7329
2471
250
7878
8433
8904
8636
5657
7894
134
6571
194
9858
1663
156
3220
6256
8759
6119
7898
4098
5233
4111
3728
3968
6212
7616
200
4536
5811
517
5284
578
1962
7035
383
2922
6756
9400
5214
503
2337
4083
942
3337
6445
4314
1106
1956
1522
6302
4231
8383
2994
8147
7306
7677
3942
5602
1699
709
2711
2814
7817
1554
7923
8277
632
1666
351
1109
1247
4155
6053
5169
368
6965
9190
3760
7481
9242
3453
9430
7247
4332
3396
7059
516
3266
5143
5015
1384
389
6012
7440
1430
4880
4120
723
4718
8738
6568
2787
3132
576
1928
4957
5600
9416
5620
3667
9078
2854
6084
3205
3465
8163
4112
1413
8705
8095
9257
233
7522
8007
5109
8427
4937
8688
917
9739
4492
8913
6703
8710
1598
3940
4249
6791
9491
5456
4158
9369
3224
7979
2691
6455
8828
34
8745
9180
7574
3624
7614
1559
3835
4817
8206
9057
67
3067
5630
8803
7456
4783
3135
2094
1125
2652
1716
2040
7769
6671
5732
7858
1523
6978
3152
317
960
5322
7623
2041
2449
8421
9283
2939
967
5492
8350
9024
3750
7849
868
3612
71
5450
381
20
453
3455
8644
8618
1924
2766
7426
9737
2117
3315
4876
3870
7163
3789
6291
7180
2160
2593
4599
1155
4688
8584
9910
9482
9658
345
163
2101
926
3728
5581
2630
7860
2444
8420
6107
7568
7386
1746
550
6612
4580
2042
4766
8107
813
4190
3245
7024
6962
8199
4291
5915
3251
8588
3833
1288
1502
4218
1700
9862
3891
9247
1818
3328
7792
7547
8004
7462
8400
999
2633
3916
2021
4348
4536
3546
2714
6394
6691
7822
7953
7860
6534
7948
6945
3618
7278
9550
8851
2025
7061
5028
1056
9689
6218
7153
6030
464
6265
8224
7808
3325
561
3840
4708
5404
9585
8625
6871
4723
4157
185
4550
1799
4178
4245
3776
4817
7154
5579
5520
4521
1460
7631
7635
9286
7365
7292
2722
4568
9998
2907
5822
4307
7960
3449
9418
6171
3549
6314
4645
4819
9281
3821
4656
4477
8697
8016
282
5880
5512
3536
836
4504
1357
7417
4492
905
4516
7544
8625
9469
7321
2544
6879
425
5377
151
7578
4021
3082
8248
5625
4525
4676
9137
6399
5906
2500
4221
6244
882
523
5790
2711
2399
2985
7069
6391
4057
7280
5853
183
5166
4275
9194
8082
5893
8335
5632
6692
2570
2191
9920
7061
2188
9582
7228
7224
1621
9542
9443
4274
2262
8172
1202
6926
4200
5734
3286
4907
4311
3781
5718
781
9763
2182
21
2362
8571
9775
9816
6313
4317
7805
9276
1186
9878
9210
9573
7934
141
7775
5655
3408
3
7676
4804
6132
6194
6129
6940
4823
7781
4920
4696
6662
3853
6580
3976
9734
8128
2725
3707
2104
1371
2190
7189
5076
6668
4231
5969
713
1823
8367
4207
4646
6084
3803
7324
3644
5530
6488
754
9771
6921
3118
5372
1075
2321
7413
9156
6408
6600
2196
665
432
3975
1639
9339
8224
5553
5576
4059
2547
1558
8854
5849
1159
1631
1517
7809
5424
6013
8667
8499
7801
2366
4210
9655
4682
3390
6849
8025
6898
6362
4607
3774
6603
400
7536
1508
2343
5774
2500
3170
6461
9666
3293
7090
1071
7834
4299
6930
3295
3600
492
2735
77
9918
7452
3577
7880
518
1614
7241
3119
8333
3517
9423
9152
3345
4600
803
4166
1329
4051
4306
9308
6267
4798
8288
9254
6924
8785
6408
3240
6047
2983
6267
6567
7461
6350
3407
966
4779
1177
9370
6016
4894
5343
8701
5939
738
5235
5665
2928
1541
5095
6451
5922
4265
2298
9737
4647
8723
2457
1300
6167
8078
2586
3975
4869
4703
8248
846
8653
9150
445
3811
3289
3114
2907
405
S 1416 506
M 2403 3289
S 1974 713
S 1791 213
S 1855 530
S 3427 299
M 603 3552
M 3435 3771
M 918 2278
M 1437 2066
S 3849 643
S 720 349
M 2525 3017
S 1825 274
M 3825 3860
M 1856 2462
M 1620 2828
M 1871 3434
M 1198 1637
S 3215 336
S 1412 210
S 862 796
M 42 504
S 77 84
M 871 2721
S 2661 40
M 2149 3839
S 519 936
S 3354 416
S 1619 834
M 3649 3661
M 3535 3539
M 1273 2313
S 2147 574
S 1334 937
S 1237 727
M 1325 1725
S 622 294
S 1684 588
S 103 283
S 787 883
S 3866 564
M 2957 3591
M 1962 3009
S 2796 38
M 126 2389
S 1965 759
S 3571 829
S 1501 18
S 3208 346
M 3336 3694
M 3001 3131
S 1928 879
S 740 42
S 3691 369
S 406 477
M 3337 3838
M 475 2509
M 252 2771
S 2454 117
M 3061 3250
M 3933 3938
M 787 3146
M 1877 2478
S 1376 8
S 2699 796
S 1388 33
M 59 135
M 38 2586
S 2604 302
M 2637 3691
S 1112 537
M 1852 3117
M 2431 3941
S 1012 418
M 3703 3772
M 670 3450
M 1147 2107
S 262 608
S 3713 576
S 3133 344
S 3899 337
S 3932 641
M 2367 2932
S 1833 755
S 1975 419
M 3668 3704
S 2155 614
M 889 1450
M 3144 3344
S 339 678
M 3731 3795
S 1528 792
S 1348 313
S 2385 15
S 1217 203
M 3242 3741
M 35 915
M 947 1171
S 2938 508
END
7493
7749
8698
3645
5528
6242
3057
1079
9121
2026
3377
4617
1476
3116
6605
1990
4456
6844
2127
9751
6798
3040
4383
8027
4040
9599
1133
2333
6047
1871
2321
4962
3995
3761
7315
4420
1243
3499
4592
6747
5885
4681
4814
9908
695
2791
4182
4079
3181
4035
5629
6425
810
6180
6487
3125
9975
3433
2112
6131
1363
3403
3591
8193
7454
2182
3974
388
4522
3904
3754
2428
1186
4293
8317
5534
1517
7309
6004
4123
7284
3939
2986
62
8374
8782
417
3622
4171
1110
5303
3627
8854
5951
1336
9574
2594
8245
1193
270
4826
9429
396
3721
840
8644
2168
5218
5140
972
626
3235
7141
2906
9003
2240
2648
3319
6462
2234
1681
904
3531
7362
7624
6319
7835
2201
9220
6194
3558
7323
8920
7156
618
4398
7570
7202
4316
244
2847
3249
734
64
9504
4614
1433
119
6426
9092
7171
2590
1153
5386
5666
4380
1340
6254
3750
1939
9747
5748
6654
893
5854
7686
3350
2278
8513
7853
1098
6307
4915
5134
3028
4731
9780
5062
7511
2377
3376
2902
9562
6004
5628
9578
2599
5434
3569
5011
4824
2891
3129
8548
7590
9568
6080
6045
7324
9917
9076
9415
4792
6939
9841
2242
3199
8735
4299
1455
9189
4403
8969
8335
6905
7217
2224
7131
9197
4001
2661
2399
8609
3157
1615
8609
8896
4575
4334
8779
3296
990
8416
2371
8446
6344
9210
8509
9818
8792
4354
7146
9479
782
6257
4880
5285
457
4580
2876
4030
2906
4378
4122
9045
403
5714
9275
7548
956
2594
9558
4005
7916
7856
8275
3843
2473
2934
5266
6394
3464
6374
3342
4683
9835
1535
3179
8142
6102
7752
3656
7588
8104
6285
7726
6802
682
3675
3137
7477
227
403
6906
4655
3643
8099
356
167
482
1093
6485
9999
8493
4985
9677
253
2527
8997
9356
6831
3356
9125
1178
1489
6507
9979
9060
3082
3922
42
4691
7871
3747
3204
8606
5232
6818
2827
6547
8312
4517
5815
3373
3461
3170
5968
1200
3670
6320
9899
1617
5722
7517
7313
4679
4946
9526
1130
4458
4378
3990
7528
9092
5026
6124
6378
7456
2771
2988
2495
3527
6956
1847
439
1934
5870
9506
8420
8701
2691
6873
5494
2781
8486
7715
8269
1663
8795
227
6698
4585
7234
6591
4878
8765
993
6223
3762
2641
9517
7346
6334
4253
8463
6837
4093
929
6133
1335
7020
3308
86
8982
786
6511
3638
8966
4900
2618
6224
7329
980
2586
1714
4104
4266
7158
7845
9487
1574
8961
6115
2059
1947
7748
5156
2229
1502
4608
1136
8187
7757
9326
9131
8035
9517
5540
2418
3536
3831
7046
8929
7656
5427
729
3916
6559
5006
1241
4759
3001
7767
4496
1886
3271
7794
1058
3138
4890
7886
3805
3141
4624
710
6865
3856
870
3107
3976
8785
8957
9915
6453
9318
6316
4622
2714
7877
4824
5731
2085
2509
3643
8295
1662
1929
8419
282
5280
2207
8798
3069
4068
9958
4115
2175
2473
9012
7705
7667
6699
8816
5060
6892
8502
1630
2058
832
5872
7725
5993
752
693
9699
1399
8873
2759
9619
246
1643
6863
5445
2920
418
6220
3051
2310
3192
6171
400
4042
8792
3991
6660
6117
7574
144
9814
4097
7108
8938
1060
9759
3674
7094
4608
235
7170
779
9338
7007
1991
2511
6176
5008
4075
971
1818
268
5838
2318
647
9282
9564
8068
6437
7310
1780
2457
7539
5477
9260
7210
4815
9435
3388
9492
5321
4975
6312
5784
7184
7448
7282
489
336
6106
2608
7823
3825
1145
2556
4848
9604
4333
5719
706
3619
9074
9993
3810
6928
4943
5561
2382
5445
5707
3229
8426
9525
1443
2762
1134
2752
72
9492
770
9038
6654
1965
6095
2368
6774
7954
935
3073
6275
3123
3757
4914
438
1498
6441
351
7890
6344
7727
3709
1277
426
2584
1806
9275
9436
7314
8307
7715
5569
9729
6811
2111
65
8585
1822
2127
7744
993
8649
4010
2700
551
7592
9148
1437
3207
6382
7513
4475
7507
6853
2927
650
6176
2724
9327
2380
581
8274
4586
3
827
6389
1280
7304
5883
3940
6547
4027
9913
3925
8164
9207
113
2924
8437
9313
3057
209
3513
4468
4538
2991
103
582
7063
3863
4210
4689
8505
1702
1695
6310
824
4640
448
8613
2853
482
4420
6955
3800
3220
4522
4574
2744
1656
2625
5061
9529
3642
6113
5094
6835
6250
7218
9499
1038
4647
8958
4402
3642
6297
2657
8705
2253
6746
8867
4183
2346
4451
7808
3830
8445
9213
3415
8877
6221
8997
1034
7347
9690
6032
6347
7053
2053
8979
3304
1507
9800
6072
6849
4739
2409
3125
6624
1280
5319
3011
1523
414
4914
5999
1634
1217
8468
611
7008
5646
5258
7156
9119
8381
3462
3295
6728
501
2620
7424
1014
8837
2720
6714
4903
3742
2314
7791
5789
3173
775
6314
7138
5290
2122
9897
4404
1014
4006
1046
1098
7927
182
7415
234
830
9986
7209
7596
3029
5983
2650
2172
6317
675
2526
4584
6573
6194
1322
5460
6529
6518
4429
475
1075
7083
4931
3994
4098
4566
5955
9499
983
2536
2908
8864
2497
7235
2854
9354
6889
9350
9433
6888
2
1465
1097
5118
9655
6133
6799
4235
2758
5504
5537
8088
9951
4685
1879
8282
92
1821
3585
7310
4507
6698
9446
1721
7267
7656
8265
1340
4786
1336
587
8925
4266
5661
1284
409
2468
2482
5154
2729
1104
9370
5225
8202
1412
3250
4288
4798
628
4669
6667
1548
4816
8701
288
2633
1832
4689
2047
1126
1184
9957
6433
9528
6354
9186
4207
4179
1437
2383
4418
3014
8237
7070
1348
9086
4062
9406
8027
5773
3002
2074
2035
2246
369
4879
7579
6697
5435
5977
7395
5535
708
6796
1979
6478
153
248
1911
183
8120
5922
3711
6705
8246
7645
1230
3569
9078
1987
1526
6038
6879
1726
1925
5792
8398
9019
1609
2881
454
9146
9672
6770
8174
1992
2367
4544
7346
7687
8010
298
7705
5478
8594
4402
9908
3818
7047
7820
2623
1754
9194
7908
3668
6380
4895
4593
812
9256
7564
7106
8313
2280
1948
629
8720
6115
2810
434
500
6078
6511
8802
6933
5243
9023
5160
3298
554
5523
6358
8536
7630
9717
39
3470
2409
9524
8125
4680
2004
2524
1754
2666
5316
4267
8938
1509
8343
6708
1858
5059
1265
5046
6555
2227
692
4183
1017
5604
1229
7473
6887
2726
2110
5654
2564
6626
6134
7380
7269
1134
118
4550
6979
737
9398
8466
8067
3532
2410
5776
4990
4009
6914
7343
4504
1735
425
6699
3108
8822
4247
1920
9993
3964
7670
8606
1276
2101
3952
6192
7374
4934
94
9777
5948
5020
5269
1996
3373
849
82
8864
6252
9413
2328
9470
4050
5125
7683
7003
7974
693
6587
5052
4618
3878
8326
7781
113
4403
9486
1245
521
4473
9099
9550
1338
179
8357
4584
2433
5646
8253
1198
2823
7555
328
3937
1475
6574
1820
678
903
1984
2661
7883
7308
1870
8392
659
981
3727
9932
1273
4097
3427
5721
5174
3297
2991
7730
9134
4836
8810
5311
1263
716
9618
852
9755
8906
5581
6349
9347
828
5820
1096
3107
7639
7590
4138
8756
818
1683
9642
2490
1085
105
4125
6386
8761
6745
2563
6223
8533
4752
3053
9384
9950
8655
6200
9374
7142
4113
3152
8648
287
5217
7573
5734
8524
5864
4548
6978
590
2669
4065
2266
2274
3121
639
204
6366
3330
6468
1851
3516
5420
3131
8266
5110
8461
7292
7436
3059
9973
8705
5988
8660
3038
9699
5277
2240
1402
2095
3994
6594
8395
12
4446
717
9503
747
5940
6030
3030
4203
1249
9019
9773
4846
9892
9456
6411
4405
7983
5210
2162
3986
6135
8306
2775
387
9616
985
8678
7163
6727
1431
3396
1605
5654
2239
993
7653
7623
8209
8738
9960
6171
6759
6931
1162
516
5770
7111
246
1564
5779
5528
439
2409
4097
1281
6923
4560
9472
7797
8656
2828
1808
2993
3970
9270
322
3435
2276
1689
6510
2128
2579
9741
1554
9621
9007
7174
2045
6730
4973
7735
4333
234
4141
2426
764
4046
1337
3240
6991
9492
9838
7179
237
9888
6160
7231
8505
4572
844
9334
2661
4185
1272
1166
9619
9519
5694
4729
6957
5496
4193
19
2760
8425
5056
766
1523
2450
7030
8862
3047
5923
2745
5127
9300
3647
3123
8155
5420
6738
4217
8778
1484
6863
1377
6550
5079
4834
3210
5966
1608
6696
3041
1359
3676
5017
8053
141
5036
4313
5670
3403
8981
2900
1064
8422
3890
4213
5358
9228
5294
5305
2204
7689
2600
7862
2654
6765
532
4421
8837
4624
4154
8056
7790
9924
5961
9315
2479
3715
1291
2466
1975
640
5482
9585
7188
9805
4489
9645
146
7961
252
7233
2680
6671
5376
7169
7034
740
6826
643
1471
7266
154
4338
6613
2182
8223
2342
8001
1372
8793
7932
1413
5283
4291
8560
8536
6301
1249
7870
1933
9154
2246
9072
4370
6423
618
1492
8387
3860
8486
9013
1639
6959
8861
3252
7189
7065
2571
1306
1671
5964
6747
6178
5
7430
7146
7634
4637
2568
8941
8899
6571
9550
2229
5075
4686
2785
5576
2871
6792
9804
2997
4174
6080
7129
3211
739
2191
4846
6423
3230
2862
3335
8960
1636
8160
5667
7099
4106
4401
1515
9086
7928
9093
8679
2585
3820
2864
1611
9232
4932
2470
8272
8599
244
3096
8225
804
225
5010
4879
9785
7653
5723
9929
2546
6416
8389
3784
9481
4125
745
5748
825
3090
3825
2648
5475
5749
4884
7299
719
5318
4573
5596
4419
7022
8179
8260
5361
9289
7278
9158
3493
3289
7921
1411
602
6021
4177
7263
9046
3838
9744
5726
3849
2547
8990
936
2128
7785
9394
9982
9317
2505
4445
4858
8941
3137
8760
1588
1276
5598
202
2609
7796
9518
7592
9711
5708
7490
7576
7618
2881
1857
4004
6941
6213
3568
8461
2252
5729
9046
2303
9797
9281
6111
1674
8859
4213
5726
3549
8201
5799
7565
1070
1461
3845
8056
3366
3107
6744
3866
4394
7777
2583
4951
1961
3008
7121
4065
1094
3926
9035
9966
2991
9241
4559
7441
114
6108
6671
2067
4452
5301
559
294
7968
5929
993
2899
3207
525
7681
2425
5230
3743
7342
5049
1604
5738
4685
6182
4935
6343
4569
7113
2926
6018
4709
4497
7533
7881
7437
1158
3943
3194
417
7438
730
3220
9374
1570
1515
2
7148
9245
912
5287
6146
3098
3734
6360
782
6574
217
5842
6118
8386
5784
8624
4806
9574
3474
5776
8548
1582
5253
797
7413
562
8221
2405
5794
6160
5714
1628
7180
9344
9869
7081
375
9391
3624
5542
3718
2954
1179
2051
7930
2156
4962
9236
2087
6687
7856
1068
9821
2672
3495
467
5938
1525
7582
1200
4901
7935
7562
263
4669
2516
4197
1779
5798
4595
4079
4783
6214
3697
7454
8620
9662
725
2603
9039
9506
4173
8057
3147
4062
6831
5404
3052
4945
7824
9875
3030
2326
9944
4797
4325
4884
8281
9224
6032
4871
2430
8526
8385
2901
3286
9371
3639
2272
7490
8098
8523
4590
1945
3121
1027
2125
801
5790
2390
7098
3634
9280
7378
5703
3143
6665
9085
3691
4525
3641
410
6782
8735
44
48
1672
2224
1930
7811
276
9220
5887
9176
7364
4057
5525
1049
4487
6099
9167
8231
7110
8615
7023
9521
8753
203
5910
4447
2195
9350
2868
6782
3828
8824
5803
5338
5443
3948
937
9249
113
2984
2509
2337
6317
7182
9075
2084
6047
6044
459
1902
2732
6500
2342
8838
4403
5116
2137
97
6788
7750
8275
8693
8978
6753
1573
1861
9533
7741
5790
7806
158
4840
4939
367
9533
7384
6077
6216
7899
1224
6180
4075
3083
3885
5957
5836
2792
1062
4731
181
8376
7533
5077
8928
6470
5671
5132
4906
3941
1274
7189
6005
7385
1150
7643
9462
7555
2851
2960
6515
1695
7823
8094
1955
5119
5699
1841
136
2967
2434
7506
596
482
528
9257
390
1854
8291
7366
5135
9895
5884
327
43
7565
2671
9536
7392
4186
8579
8727
3743
859
5527
1047
2065
8012
6203
5012
8152
9479
1171
6012
1634
2121
1048
5995
919
6184
774
5124
3005
4339
9338
3883
269
6706
3569
7422
9798
1771
6667
7546
4271
3644
8106
9130
7483
3686
1507
6079
856
4046
6196
1511
358
3743
8111
6075
1779
5249
6645
1770
6134
860
1621
6481
7570
4930
8490
5176
9954
9229
1873
7785
5258
6252
5942
3896
6530
7906
2171
383
1692
7496
2781
1973
8377
1458
4172
9898
2131
1977
3885
5976
3771
4789
649
4602
9827
3306
3959
675
9133
9374
6350
7095
8693
2
8470
4501
4997
3774
8095
937
313
7040
3938
2984
7326
3342
2916
4867
861
844
7485
6957
2262
7516
6398
446
7454
6373
1433
9390
949
6624
8513
8523
3319
365
3765
6152
5142
5264
3130
3398
3292
9001
8928
1243
8587
4087
4668
4024
6299
2762
9054
3849
731
275
2887
5662
7632
237
8241
8528
6630
2856
1147
1740
5510
9689
9630
811
4838
9208
1221
4014
6911
8840
5167
178
3511
9991
1415
4542
9533
246
7462
1607
7330
4752
9827
2591
6359
2662
6130
3261
5773
1403
1839
7934
5384
3205
6072
6826
4605
8532
881
5268
9907
4016
9367
536
4399
672
6311
2465
3418
9256
7194
7463
9537
8244
1268
5675
9480
3481
2954
1331
4259
7860
3343
276
6934
8960
8788
44
2865
4001
7237
1261
5075
2097
6117
2412
5827
9414
6757
3992
6350
1461
2686
6183
815
1178
4015
5142
6622
4271
2767
9639
4782
4982
627
5452
3509
4648
8000
2275
9283
4588
8295
9189
6806
5891
8552
6262
706
902
223
810
9329
1814
8049
5158
8979
8491
5716
7543
1015
2769
7333
5755
8224
6881
5595
4853
729
4901
6123
602
5864
2579
9276
661
6881
23
401
8904
9298
3530
7388
9417
611
2655
7873
1388
6267
761
8361
669
6477
9468
4435
7575
1452
5156
7629
3594
9143
5866
9022
4145
7295
7966
3781
9393
6918
7603
7589
3456
8425
6499
8549
360
9613
625
7415
859
9881
2808
6687
5226
9660
6202
8457
348
4666
8892
4529
1278
2523
6386
2867
5709
2466
7564
1802
1772
7393
4780
4526
4212
6510
7434
9101
1778
1973
8926
5759
7602
1803
4559
4004
8668
5982
6137
198
7980
7252
7236
2080
2600
6688
1684
2902
4938
5817
1530
4409
714
8941
455
7539
9358
3062
454
4435
2706
1676
2300
3561
5670
7519
5976
6916
4089
1944
1554
8028
4683
9525
9242
353
3162
4820
9533
5882
622
1745
3212
5888
8660
1244
742
7029
4384
5617
1076
3135
5548
1396
7246
1415
9204
5280
3069
1354
4906
1763
8819
6955
8987
1221
930
7204
2573
3146
4600
5748
8081
8164
8446
179
7906
9816
2648
736
7351
9613
9459
7541
9268
1099
8819
1693
3203
3104
9411
4193
9966
6288
9219
6145
8480
2550
738
2558
1589
3683
9557
7926
1771
1338
3086
9024
9884
9567
8989
4974
8415
792
302
9074
5022
8141
1663
775
3826
5064
4588
4598
2713
7716
1222
5826
1527
5320
918
8209
9109
1397
4711
3907
6299
2320
4827
3703
9683
4528
5626
5935
5025
4062
3904
4326
8469
6149
4765
4306
5787
4731
2326
6214
6563
1572
4772
2785
3105
3389
5571
1708
1045
9981
268
9351
9816
631
1490
4215
3419
8675
8232
7646
2606
6862
1242
1231
598
4934
5969
1956
2718
2973
9317
7828
3694
5037
4308
1687
2308
4835
4139
6161
5048
2602
5666
3204
4709
2761
6876
4001
3876
4889
8211
2291
7870
2490
3422
1213
9091
5354
3293
1707
5033
5553
1000
1288
3266
5286
3369
3696
5033
7494
8438
4264
1110
8408
1745
740
7590
2173
9785
7690
6855
9983
8827
9038
1437
2604
9489
2064
6705
1017
5214
6438
5848
2410
7146
9990
6442
2365
4805
7817
6143
2232
4734
2338
4138
9406
2173
1924
217
3270
92
6123
8691
1260
4644
4798
8433
5472
5879
936
8569
5523
932
8760
8469
2210
2988
1094
3063
3336
6630
249
4827
9907
4922
8492
132
9254
8320
3308
1458
2968
8603
2639
1970
3214
9376
355
7699
4237
4611
7569
7084
5465
4184
4113
8597
5000
5440
3528
4146
9446
1590
7839
4310
5492
2690
6968
2727
3580
4463
634
973
4868
5266
3673
9418
3722
2078
2193
9346
9236
9532
4
4677
5934
3751
7197
8268
3796
7360
3002
4400
7629
6069
7072
7001
1727
1358
1110
2931
2043
5823
2496
4272
5970
4933
3226
4868
8552
3641
4439
3922
5956
7301
8711
5778
5175
3354
977
8753
7890
8144
8854
4877
866
7265
5224
4781
3108
6309
6335
3865
7950
8556
6198
3723
5076
8291
8593
7587
8500
7549
3165
2740
9033
8853
3125
6057
4671
7689
5644
2675
5748
13
7861
6195
7542
4546
959
5014
24
9032
6425
734
339
420
5564
2791
3992
941
7004
4413
3846
257
1196
682
5196
5323
8744
714
5718
4896
5588
8682
9377
2517
2817
728
9948
5377
6833
52
4184
3826
2506
6450
9303
7357
1447
624
2319
5387
5385
8504
2262
870
1274
6861
1661
1404
6962
4368
2130
7808
9029
5536
26
6473
2688
6070
464
5711
578
1027
43
9781
3332
4693
1882
6693
4049
4053
4183
9196
1078
6170
3739
4232
6170
5903
6910
3063
1170
9822
1699
872
3527
8680
6944
670
1284
3444
5769
5029
27
8834
1291
9781
3178
981
5131
9984
3294
7726
7594
4393
6556
2066
6635
3955
9394
2204
4208
7321
1435
2402
8294
5594
8213
9927
1648
6135
6423
4999
945
5830
4319
5175
6700
8036
4775
869
1696
9995
508
4550
9815
1
2030
5999
8972
4371
817
6659
3353
2598
8727
7852
6006
9818
1273
7089
46
5523
6852
7324
9489
2026
4150
1592
6994
7488
579
7522
5491
7980
3321
1806
9364
1686
4789
527
2261
9268
9595
743
8764
3531
2135
9802
8472
2725
2278
4336
3805
2210
6829
7992
2400
2970
4509
9658
3483
7319
4070
4557
4701
7559
1289
6202
9378
441
6329
2269
7673
165
1115
4925
2447
9484
9605
1753
4660
574
4149
1607
6305
2856
1954
8481
3959
6941
4348
7739
4813
2762
3334
8192
7623
1871
8527
7749
1339
6402
8538
6367
9288
1856
8222
4618
7564
3973
5447
8633
7847
2046
3792
6860
4055
348
9191
2123
26
4306
6821
6988
6897
5357
888
1521
1120
847
6765
8130
6950
4242
9421
5299
2263
9675
56
3680
1400
9590
8866
1437
1359
3457
4104
4833
2721
1894
4703
1125
2781
7086
6132
4952
2846
2050
7488
7071
3637
9583
7353
3624
992
1097
9098
1346
5882
1075
5449
4743
2640
4724
565
3734
3641
6395
6807
5686
5916
5147
2638
3363
259
5565
5676
5560
7081
1062
8464
3742
9427
9118
403
2977
2894
8848
9977
3515
827
577
5041
6713
9422
5581
193
8891
7796
6129
1357
3643
7103
8829
723
7640
3302
6368
1661
571
5593
6506
9732
3782
7369
751
6855
6424
2727
8164
2331
6355
3577
5268
375
4657
9822
4253
1884
5020
1422
4285
594
4824
8
9767
2881
1638
9797
7150
8227
202
9614
9205
7898
1696
5835
8616
9926
6108
5053
6802
8348
313
8954
6129
4954
7200
9821
8081
6611
3800
7482
2104
9280
3094
9615
3604
3157
2834
9445
46
1744
8615
6245
3899
1082
1349
1604
8040
2814
6715
9615
7453
4872
8813
3408
930
8653
8881
9668
685
6799
6331
1902
2177
1601
4148
6381
1960
5396
1947
7160
6511
1181
8738
4108
4674
3587
9263
5175
520
5781
6992
6108
3959
8122
304
1832
2878
2435
6139
8040
2881
6327
4258
3263
1615
4556
4603
7271
7093
8789
9636
544
5041
3925
7398
5961
131
4477
3356
5225
3704
3789
8218
2196
1557
1762
8379
4597
9003
9401
3166
9960
6148
7088
2252
3239
419
87
1382
2082
1316
6210
3407
1308
1717
1346
3085
516
6812
4310
8440
483
2849
2421
156
8639
4485
2572
6167
7605
7195
4852
3270
4860
3060
8192
3347
2115
7309
7799
6261
5057
2257
9619
318
8028
5004
5504
9699
5660
7141
2244
9005
8711
4758
6711
6125
8648
7367
7918
1117
4669
9400
2755
2969
3039
3856
1497
2243
7949
1987
4433
2241
3328
6942
1548
6394
2719
469
8171
6160
9387
6865
9328
964
6436
3048
4014
747
4350
8558
2958
9382
3531
4389
2798
8800
9290
7068
2
5546
6500
5760
8770
6029
45
5193
8068
4695
2755
4627
8980
1089
8155
4034
7722
972
3399
1559
1565
2565
7605
5653
9853
7781
2178
1609
9197
2868
9040
3597
8972
2536
4110
7928
9294
7457
8243
4464
1586
1671
891
8156
8306
8875
8274
9154
9479
8142
9545
6437
4096
6647
5122
918
9555
6024
495
5987
2893
8258
2211
2349
8869
7408
5276
5441
8460
42
3992
5004
6429
2013
1079
5840
41
135
7117
4089
3188
9748
2884
280
7041
5204
4653
7922
3975
3187
4020
5232
186
3498
1112
730
2338
5999
8536
818
2052
4010
7005
3339
1709
9679
278
6161
6232
8508
8119
3934
4895
7213
4764
3481
1956
3651
2064
8541
6066
747
98
6707
1615
1543
5779
8035
3225
5793
7828
3757
3855
4036
4275
2000
9823
6709
6789
1264
7595
2379
7744
3414
932
3919
8040
3534
7039
7355
6350
5001
6326
3929
2003
9756
6223
2942
1606
4616
6003
7281
4812
2141
1189
334
2642
2959
8299
2160
9059
3317
141
1947
1247
8547
7291
9191
9545
6877
4931
832
2526
7123
5142
8663
8671
2637
6753
903
7001
7905
47
7930
4210
442
2214
2229
592
5427
3600
3810
8166
1759
9550
9653
2225
5455
897
5883
860
3893
7563
1365
837
1984
1156
1851
7280
6867
1474
1563
6054
5975
7880
2131
2834
5492
4921
2753
6482
9614
9110
6691
1631
7279
4646
9188
1126
4815
2201
849
6980
714
859
2095
9559
4246
4718
9868
8492
9204
6139
3257
5639
296
6563
227
2856
3694
1356
9255
8161
9678
9204
4830
1461
674
9568
8394
7299
3282
5581
2552
9156
4038
4526
3240
7252
5168
339
1438
7498
4019
9811
4538
3126
5690
8368
3028
2633
4077
2041
8944
7424
6940
1467
3510
9975
2958
8781
7058
1387
4129
2544
7621
1954
166
6763
9763
5813
8934
2115
1137
3857
4601
1684
8042
7881
1857
54
2025
8420
1639
7193
6877
9680
4532
4056
1530
5070
7380
7731
7688
9807
8540
1689
4324
9081
6014
303
7511
8500
1922
248
1085
3069
1167
5278
5861
1704
1537
7057
9391
5764
2345
3011
8363
3944
2324
1900
8671
6067
3554
4787
8093
8429
4412
6311
2705
5541
8330
7879
5682
78
2993
3518
9762
772
3731
27
5709
7448
2227
333
6943
2456
6938
1126
498
5179
1056
2086
2726
2217
4646
8594
4284
8540
1291
4957
9231
4153
6937
2607
9404
9605
6029
328
5424
5354
711
4456
562
7595
7117
7643
9907
6046
579
7270
133
5551
4553
2484
262
3001
6588
8357
8976
1096
4293
6539
7480
6421
2991
7155
4469
5375
87
7175
116
1196
5053
6591
1195
9447
3641
3044
3566
617
7056
5215
4427
1020
672
3627
2437
8388
1776
164
4568
7348
5391
8293
6323
7117
3104
795
645
1226
7040
3062
3361
9293
9562
9828
4679
6213
6888
3199
6819
9485
5518
72
634
717
7264
901
1452
8984
5141
9382
4457
8934
7069
8541
6008
5353
1101
6036
2393
542
332
3238
146
1851
982
3614
3684
4345
845
7603
9454
6357
8326
6180
8561
2974
6289
9825
6965
5983
9819
4222
4370
7008
6849
8519
3827
562
2247
8052
6534
7445
5047
1010
8791
4465
6477
2304
9288
4148
8461
3190
969
4062
6573
660
2668
4337
7138
3106
5001
7050
7060
5926
3361
8306
9815
5454
8330
4587
9770
7442
7088
5548
9982
2825
6760
4824
8107
9444
4659
1231
719
9582
5972
4584
3455
7746
1635
9935
7947
519
8917
7577
5401
7325
662
8730
3654
6547
5093
3845
2967
3167
4859
1447
2455
7761
4354
2940
1273
4501
7509
6730
5793
674
5125
8866
2422
8434
3285
1408
4498
8261
9319
9838
9801
6458
9877
9385
7842
3267
8338
9616
1496
7515
7872
5689
4818
8
5054
7407
6879
8766
6479
2222
6638
1402
3413
6027
6424
6034
7378
9581
9590
3687
4243
6413
3079
941
48
9258
5280
1144
2595
522
872
4315
105
1088
7627
5170
2477
6820
502
996
2036
3005
2527
3756
7804
1306
5861
8532
3993
455
6427
5032
3825
9867
5211
9643
5329
3709
4482
6759
8192
481
7175
4210
7294
9091
4865
7506
6039
1732
2935
1053
1232
5460
3433
9949
378
6558
1163
5282
7405
4673
213
907
8935
5256
2078
2345
8025
8955
4892
6156
7469
6923
6973
2507
8398
2645
4971
3563
6110
8206
4310
1829
4970
2552
913
8033
9108
2052
3615
1471
6154
4633
8003
9510
3072
5103
9028
288
7579
7861
9510
1350
3508
838
6522
9830
3750
9974
8320
7630
1204
1716
4458
2864
1846
7704
5555
3281
9742
7302
6678
2512
6103
9214
5724
3143
4306
4714
4101
3689
3038
4239
3255
8693
486
6729
8373
3762
2157
2808
8354
231
8289
6755
9366
4694
350
8741
1435
4004
9682
3957
7545
2734
6512
6151
3924
6342
8737
8306
6300
7805
6135
4865
2271
777
4104
8638
1040
3802
3787
2128
3694
5829
1423
9379
7987
5260
7442
5220
9316
241
3120
638
791
9855
6844
1693
3768
9811
1077
593
1986
314
8104
3385
3763
4011
1170
9122
5713
6041
8340
368
717
5490
1940
9095
4212
138
6815
7199
4352
9216
6877
6033
9913
8902
3932
9351
5427
6579
8973
764
6973
5539
5344
5188
5520
5980
1442
2653
7172
8589
2414
7969
8955
2074
6173
3176
1198
4847
9144
3065
3086
9636
9597
6738
1603
6160
3187
528
1038
6392
3279
8448
2661
6708
616
3775
4914
3268
6861
5016
8213
1090
533
2047
6107
3260
3582
9648
980
717
7314
1217
457
3366
1467
2013
151
1722
4630
3440
3475
2132
2250
3172
6479
6119
7419
7796
1568
7760
4770
4663
47
6265
5621
7566
5192
2805
4211
848
7982
1080
6790
2064
4933
1915
5731
8683
8501
1501
4464
587
7969
1885
1721
876
5139
803
6443
7818
5715
3831
9921
5717
9752
3191
7464
8908
9406
5342
3521
1485
7228
8093
967
3511
1364
942
7207
1347
694
9876
4009
4722
9379
7657
4119
3566
5829
7013
6029
9047
5591
4479
6109
4367
466
1906
4306
4412
6068
2781
7267
3100
2025
6656
8060
3781
764
1744
1287
4156
6603
2869
5896
6463
460
8194
8435
3966
2136
4836
8126
4636
3934
3661
4776
8517
4415
8106
9177
6899
8600
2806
9194
9549
8537
5021
1972
4204
3848
9274
5247
1329
4722
9421
8050
1529
820
7405
8082
7609
8224
5120
7779
3873
3732
9708
9487
7038
9364
8826
7404
2612
1939
1037
3664
2850
5761
1756
3692
8511
7259
4538
8468
8143
5958
2461
9277
277
6562
9285
6235
6804
3970
2656
7880
2440
7397
6176
5529
7785
73
627
3822
5132
4537
9112
5567
9223
9795
2582
6611
8626
2175
9612
73
8620
9161
1298
828
5311
1920
800
8280
8730
3744
518
1445
5998
6645
5310
2788
8223
2215
4860
348
5905
4339
6493
4001
4977
5502
407
7680
8990
4899
5085
4365
3666
4712
5181
1403
8667
7186
7001
2550
461
9620
4684
75
4011
6226
3141
2567
2221
2426
4945
905
1072
4805
1862
8490
7388
7223
7035
1482
6367
2971
8231
8602
9688
5703
4244
3136
2345
5958
9351
1516
3360
9116
3763
7643
4634
4296
4100
1319
3396
323
6247
1335
6290
8717
7918
9815
1326
8517
3834
7875
2435
2881
6619
3750
3945
2733
1893
7738
924
5116
217
1626
8041
9597
705
4182
7477
3115
7849
6622
4139
4496
4788
6917
1654
801
4537
6566
6649
8237
1449
7365
3764
1551
5937
4407
9143
4950
100
2501
1285
3806
8918
9052
4822
3035
9594
2997
5696
9560
1214
3808
215
8468
594
6029
1053
2896
3916
4587
4083
3100
5240
2270
1504
4404
4332
5762
7088
7387
7250
9170
9237
9561
5214
4706
4480
3941
7696
1517
2182
7072
900
204
9927
5234
8079
5750
7120
2897
9234
2716
6139
286
7360
9325
5458
7043
1767
1403
2737
1769
4912
5735
8711
4171
3782
2333
462
9505
2064
9994
7606
9202
1616
834
5225
4978
3025
8271
3320
3414
5653
2710
4241
5775
159
7696
2111
2870
252
1465
6002
9379
7333
7892
3260
2025
1898
2046
4646
6076
4757
1438
7260
8626
7564
3297
6004
1058
6443
8993
745
7986
420
972
5499
7534
6748
4088
5718
3213
5293
9343
2236
2007
2145
4288
4451
9706
7061
147
3521
3853
2793
6222
9353
4864
2790
9313
446
8590
629
6778
8643
9212
1333
3091
9697
9654
1335
28
4384
8708
9261
9500
4567
3796
4515
5388
478
7469
7821
6350
6375
4735
519
8181
5134
1309
8393
5327
2049
405
1576
2784
4772
6772
7508
8736
7719
8213
94
9162
7518
5207
3367
4205
3596
4139
8407
5262
7216
4040
2203
5151
336
1263
8788
8420
7863
5813
5290
165
8506
1475
2481
8884
1783
7970
8120
5555
2235
8385
8971
6085
289
2119
8675
483
5050
6829
4572
1382
2507
1337
5238
5134
5053
2745
333
8937
1912
3242
3008
1807
3832
3496
3001
9505
4499
1848
6490
4834
1060
9457
2623
621
5662
809
3977
6610
4891
269
497
9348
3434
9185
9204
4567
1274
6072
6465
2360
8037
247
9213
8140
9308
8808
5265
4535
3980
6938
7964
9160
1050
3512
2445
5275
2273
7539
4600
9984
5598
3209
9991
4739
1791
8870
8282
9627
3294
3919
3153
8145
7202
5925
1850
5028
441
1605
7634
7488
3086
3815
639
8714
196
2420
59
8179
2110
7988
3843
6033
325
1676
6586
310
7172
4120
6528
3214
5340
2646
2516
5754
9183
7281
3925
7228
8883
6391
7325
7080
3709
3989
466
7506
7209
7865
196
6468
5609
5788
6079
5554
8586
817
8527
1845
4423
636
2016
7365
8534
616
2005
646
2876
5251
7228
6471
5848
3361
2951
3905
6144
8045
7819
8109
8155
1989
4077
569
7110
7095
7678
4723
2184
6362
3236
2687
7865
6222
1357
2928
9043
5971
2158
5531
4647
6504
7051
5768
4918
4246
1693
2712
5991
4172
6672
8602
4672
4418
4647
9528
3198
9380
4039
249
6019
1271
313
1081
1839
2261
6911
850
471
1660
7589
9030
9875
255
6170
9248
1295
7974
8299
3934
8546
6168
3005
9961
4428
7056
3157
6670
8807
1336
2243
6931
8515
7562
8873
2081
8387
6769
1633
730
9143
1907
4431
7392
472
3219
9886
3495
47
4915
8121
4249
9177
6577
3440
9688
2287
7189
7519
3694
7947
9259
3514
6057
6120
5147
6000
8678
3671
561
5789
7152
5442
1788
2771
359
4955
7636
8323
5648
4518
8143
2460
1080
2094
7252
1823
5960
5932
757
1357
779
9788
8637
4688
9277
802
3319
807
6264
5779
4983
9347
9258
4493
1991
1768
8576
6646
1332
103
9212
5973
7887
3095
4243
9651
5012
1606
7174
3573
9718
5914
3448
7043
7778
9395
9085
715
9652
6375
5114
6774
8799
2488
5743
3229
7869
7345
4991
7491
9589
4360
6436
5800
5378
6720
2865
1970
339
1796
2770
6531
2809
6896
3830
4356
7736
793
9994
2020
9921
3227
5583
4742
9092
4575
5241
342
5793
9930
8135
5380
6366
8292
3511
1772
4536
2877
8622
9039
3154
7665
270
6715
579
4868
50
9491
4912
5863
8616
3643
7317
1642
2508
1934
3753
3502
6394
3940
9297
1438
6555
6624
9181
787
2993
2405
5057
7222
4858
2932
3990
8655
1710
2271
7149
4235
4373
8120
7830
6453
7298
6820
8618
3926
195
6366
8278
1071
1683
8477
389
1993
4307
8632
5845
3886
9088
2590
3926
1515
9174
4110
6430
2621
6497
1784
2741
3987
6336
5799
4768
282
94
8232
9472
1695
1868
4272
9186
5605
4286
2015
817
1873
6128
6790
2191
4297
9317
1695
7578
498
657
6517
1183
9315
5921
8069
2632
899
5318
7348
1021
4624
5167
2311
2267
8900
1356
826
82
4196
6395
2818
8151
2235
266
4989
8700
5585
4456
9083
3589
362
6192
3873
9989
1387
8581
8755
6907
1550
1701
8626
3459
3873
8719
3759
3451
7603
584
6858
7862
9964
2841
7353
4830
4426
2131
4573
5181
9232
6194
6573
128
4564
5228
8614
9331
9911
3872
5674
8026
163
1326
7798
1424
5131
7248
6225
7055
6710
7155
4300
7998
6602
6068
6531
2156
3081
4591
6971
3218
6522
4711
1092
2977
3781
6391
3759
5610
3116
7505
3551
9637
8576
9369
779
3111
6087
4184
2560
1871
2701
6786
120
9082
4852
4885
3256
6338
8999
1888
7954
8839
7633
605
9418
5225
942
6855
4451
9312
1735
6199
4638
609
3958
1631
4307
226
2659
4261
9866
1517
3856
9689
8810
5731
8063
9727
5846
7119
1990
6045
3331
3118
1244
3835
8172
8419
4879
5258
5661
7649
4823
7027
3720
992
1123
2962
851
1616
8051
8916
8262
4285
2533
2646
6182
4657
3224
5740
436
9966
3912
1200
3114
9494
9417
7251
2015
4122
9693
793
1450
5493
3947
8385
2555
6717
471
3491
385
4222
3042
9687
1888
8744
1335
9068
9779
7715
7119
7139
4433
9462
9042
5381
3926
8053
869
846
6177
4534
1192
8626
4475
6365
6725
1583
7830
5684
4243
9974
6779
3915
8577
6279
6997
9548
7950
994
4369
4358
7720
6377
2080
1884
5826
2620
5849
8587
804
4526
689
8907
6908
8603
686
6552
7995
1759
5265
8909
9463
2336
8776
610
6402
6081
9047
6053
9384
2246
4159
5509
7449
1401
987
8820
4845
7761
893
5956
6494
6460
970
3165
8124
4236
864
7267
3327
1756
9544
8635
2018
6330
177
743
3396
7470
5596
9636
762
4897
5375
9948
9675
9514
3104
2598
6252
4060
2542
2656
7797
2713
1815
8066
3622
8262
1661
1990
7928
5996
4915
9539
4272
378
6164
6945
1515
2540
2051
3707
2091
779
6794
6230
6091
6021
131
7540
5856
9043
784
2343
3198
3143
3129
5334
8287
7565
116
9452
6473
7140
782
9435
2059
3604
4557
1404
6259
1237
2682
7150
8296
3228
2875
6541
5524
7289
9072
2567
8105
9172
198
7397
7676
302
1381
3628
5910
9947
2887
4969
5627
7080
4705
3089
5696
2446
6614
8823
14
8968
7317
9695
3985
9370
5484
5410
5310
5957
7134
3183
3016
3256
9314
5899
789
8796
8417
4436
3213
6161
4301
3457
6238
870
4520
1794
3517
1461
406
2207
8487
9301
2229
9882
7890
8027
921
8307
6798
3557
3644
793
21
6444
199
5013
4415
8212
1678
778
5368
5902
8963
7705
3850
4164
8996
6519
4080
3032
2408
7811
7792
311
2090
711
329
4707
8166
7218
7314
6086
754
6053
2700
5652
3411
2266
2289
8458
4008
7564
5416
9833
8937
2106
5193
6287
8987
7874
8570
8466
249
2907
7503
2027
3810
7652
2892
9643
9332
7707
5711
7564
4432
4555
1588
9061
9854
3779
8277
318
3736
6480
4894
7484
2450
3036
7010
7310
6082
8241
5618
7090
8637
6246
4351
8913
3650
9178
1855
3816
809
713
4243
8267
8988
6891
186
4877
4422
3364
5213
9717
8996
7492
3837
2142
4813
8334
7603
6087
6103
16
6417
325
7402
6223
3061
9829
3713
3655
5485
2226
1750
8338
29
9551
7481
9053
8653
8178
6730
9480
8257
3776
6731
1452
3222
472
9298
5485
9086
2985
8465
6610
9360
5768
7911
3608
9139
7443
5487
4574
217
843
626
2440
4898
7468
1709
6700
3069
4133
507
3772
6705
3652
8557
8007
9761
4958
4464
5980
6901
473
9759
4983
1664
925
9645
6064
1214
702
7119
2448
5439
3762
68
5390
8289
5519
994
9666
6651
7908
2330
2991
5316
7921
9455
2465
170
5574
4380
301
315
7800
6220
7027
4135
5886
2456
1045
7489
4696
7763
1005
187
4309
3522
8708
774
6222
9713
4851
2212
5217
6713
282
2416
8662
36
4518
1584
486
5139
2865
6175
6693
9936
5939
4473
5522
109
2684
357
3846
8583
6925
5073
7464
7547
812
8713
8825
3907
4832
6575
9396
8423
1875
3059
8328
4045
8310
7539
2680
3224
2879
1821
6148
2025
1500
1705
7702
5139
6583
6950
5333
5788
8722
9630
878
9744
2096
4771
8782
6960
25
6694
3936
159
9387
2811
2639
6864
6838
9501
2818
223
8145
9839
6263
1337
5866
7569
5039
2057
5225
2551
9036
8525
2305
1084
5274
2990
5967
5734
8680
7201
6432
3590
5319
4736
7932
3104
1554
2148
1519
7689
3545
1789
1345
6151
2988
4789
2510
7876
5033
9079
4870
6847
8850
9220
5861
6436
7312
1606
5594
9607
396
5847
3272
4304
1574
6125
1165
796
733
726
9669
5735
7344
6183
306
2584
745
8929
5914
8067
8929
9227
1205
8206
1544
4659
7440
1019
6312
4254
1474
4204
7658
3113
6444
9184
5976
195
6049
6222
9936
7244
1817
4649
171
6784
9428
986
4870
1514
9601
2382
2125
8751
2679
8816
8594
5421
1635
6457
4085
1099
6346
6113
5167
8953
5418
5200
9364
1698
4083
9395
4197
9283
3532
7502
1186
7115
9367
6455
557
5964
3724
6096
2657
3776
5158
241
8891
9059
7850
479
4448
7167
914
7388
9143
4659
4035
2796
5685
1657
4674
8178
9523
3748
7480
2409
8056
9818
288
2283
2188
1486
3011
7967
3812
438
4257
2671
6943
6823
9419
3006
55
9894
6280
1530
6190
3936
2328
1421
9909
1648
5421
5828
9061
1884
7390
6238
5411
3170
5931
4749
1466
4107
5575
2961
5306
6849
5667
2384
9131
6815
1395
6076
6459
2738
4049
2368
8696
7
8713
2786
4443
5519
3492
2007
16
2223
1321
3228
5443
8574
4178
6244
6323
9698
1739
6346
8990
7217
3364
9995
2731
114
406
9739
7744
6000
6253
3962
622
4486
5640
5306
7324
1023
4224
9359
2369
849
5343
2308
1230
4533
4419
3991
2971
7204
1742
7576
3499
8213
7174
1456
6009
7129
4000
6961
5520
7135
288
8724
7828
807
1696
1469
3455
4280
9776
3265
3874
610
8610
2980
264
572
5041
3925
6309
2999
1820
228
2387
8979
386
6429
9153
6428
9834
6562
4801
775
2915
9802
5874
8625
5338
388
2070
843
3716
62
6823
9270
3027
7630
3729
4609
6354
6427
7084
201
2774
1220
2078
6006
353
8683
6475
9650
7639
4476
853
6956
2884
2241
9716
6094
2008
8192
5029
5144
2796
191
7924
6680
967
3282
2212
9121
4782
9910
6810
9592
9743
5111
4950
6349
9120
8399
3850
5799
8790
6967
7765
8222
8368
7032
3259
7689
8679
9618
5940
5063
5035
8603
243
2809
1612
3179
531
7640
8708
7060
5490
9540
6838
9849
8424
470
6183
2448
7223
8928
7431
5081
6427
2609
3167
6308
1902
7715
7121
6901
8023
9392
9245
468
1895
831
5829
6014
5348
4646
4723
1704
4578
9442
7501
9563
9400
3547
3450
8681
3266
6602
7493
6949
9832
9184
1599
6448
9790
4502
4968
5469
4745
712
9385
8778
4716
2008
5123
5235
5658
8841
2371
5655
5191
9874
8394
3519
8701
4168
7741
21
5906
7705
8418
7506
5202
4302
1359
3939
4210
4329
7621
7030
5419
3536
1823
7425
5229
5851
5457
818
2225
1420
4051
2715
7673
8819
4056
7053
6304
7886
1344
2571
6273
2428
812
9123
3423
1008
7896
6138
8570
5629
4321
7068
6429
3749
5165
5071
9903
3814
1406
2073
6673
3147
5833
6084
892
5049
4625
1877
9455
5103
5118
8938
3676
8980
3991
2136
651
9320
1268
8327
448
2270
9750
6525
190
4741
1617
2827
9616
7661
5544
933
1043
5686
3144
6535
1823
2381
7172
5489
5437
695
5623
7469
7008
7854
7159
5410
4301
1810
6899
4598
1339
2761
6267
8974
6311
7316
6759
51
6367
975
2479
9112
8379
1575
8781
5425
9261
9992
8999
2848
2899
4124
4297
15
7535
454
1490
880
4013
7357
382
240
9385
7192
5086
757
4110
2439
8158
1936
1288
6463
7044
8816
1150
3007
6382
4109
4618
8136
6685
9981
5029
780
9820
342
8933
1303
4490
4751
8462
8572
3596
7373
9465
1575
7251
7443
9087
8879
837
2277
9624
8698
4800
476
2119
1620
1702
7005
7853
1080
6690
5852
5037
3502
4997
4003
8888
345
1130
3223
1479
8895
7265
6163
1963
5463
4963
3141
1340
5805
4850
2322
5041
5585
7454
1893
174
7551
3260
8710
4880
5175
8160
8512
5947
7474
1188
990
6291
5054
681
6358
3892
5741
3157
1550
8617
1366
7195
4222
8102
688
6328
372
8533
5958
6330
9340
5497
7122
1974
11
1523
1664
5575
9680
5175
632
3502
190
9913
5888
7172
3684
833
825
8392
7270
6514
6284
293
6763
3540
9232
2601
4692
1131
8881
9570
2705
2658
3153
4766
9315
7919
9525
8900
2554
6377
2598
9536
3055
1356
9564
6624
8506
3115
8560
9915
3685
5894
6506
6548
7938
9351
5111
2479
5891
6158
9442
7641
289
5115
8913
3493
4445
4196
6970
3382
7401
5910
2675
5557
5099
1205
6590
5001
9672
8425
1505
5785
7360
2837
4538
1430
1554
3751
8526
3774
47
1691
5691
6160
3658
1409
4606
7391
3911
6697
2433
1730
492
8275
1005
8178
2773
666
5735
3057
784
1622
3624
1908
3561
5413
7773
142
6721
1118
5049
3088
9200
3660
5998
8881
9884
7739
8695
7162
1980
9959
7990
8337
8943
9475
5659
3097
70
648
542
9006
1051
8226
3777
2408
2392
1209
3295
6727
3603
5968
3526
8024
6560
1051
2555
9509
3331
5559
716
4699
7923
496
3075
4574
7258
2226
1092
4422
8947
9547
2906
3942
8181
7344
4723
828
5898
6028
202
1734
2219
836
41
9919
2917
2036
9641
550
1245
751
5017
2739
3690
3642
7989
4540
5165
9628
5654
387
3002
471
7005
3006
6860
273
5592
4609
1114
634
5487
1501
317
2856
8974
1590
5997
1446
4428
9154
2079
1298
1035
2959
7261
4576
1384
5682
1008
2805
9966
1031
2474
3717
5171
9700
8465
3121
7959
5068
5944
9595
654
3580
1811
5667
6311
4578
3402
3931
6158
3130
4861
7737
2974
7769
7188
9064
2701
5125
3146
3236
333
6875
8721
1955
3870
2963
310
7841
9413
2866
7069
1660
4308
5085
8742
6580
4618
6626
4795
2936
9750
2088
1415
6586
4241
2963
1036
1115
8012
7895
4990
4675
7706
2244
9373
3626
4797
2242
451
7169
33
1460
6152
7360
5749
3178
9073
772
5807
2119
1335
3376
8625
1475
4230
1783
9526
5570
5156
808
5329
4547
1085
9291
8064
3793
538
8173
3907
6686
2834
981
317
6738
5018
9317
2034
803
734
6855
7541
6351
3242
8817
4993
7016
1254
4065
26
8555
8393
5080
571
5171
8151
9133
6871
3082
8584
7876
3024
3003
5101
4870
6448
264
4689
2374
7774
7882
5419
4610
7477
4071
747
3225
3057
6745
1128
7213
6804
4748
5514
6528
9210
9503
7508
787
3578
8911
4163
1413
2035
8019
1922
7735
1494
3369
3162
4200
5223
4811
1463
4814
6697
1430
7210
7351
2011
7118
8228
5256
543
687
2674
6285
9248
9236
5543
3147
134
2173
3464
4655
4075
3362
5505
2847
1687
8338
9401
486
1894
3807
3325
3695
4339
6150
7201
7518
2137
5240
2781
8704
5436
9909
2261
419
9372
6638
4600
2097
3930
8287
8360
9034
9396
1278
9809
1159
7122
2800
4776
2928
2953
7542
1257
6881
7925
1574
2646
3750
6928
2404
2870
501
514
8000
5945
7924
5615
3594
3253
8453
3299
5706
5792
2482
2201
5441
9616
1279
9765
5212
1606
166
342
1640
3405
2031
1445
1919
5869
2632
8632
7723
4474
5274
3082
5933
7234
4516
9597
8226
6913
6141
9178
7904
8874
2966
1797
643
8443
878
6106
9116
2391
675
4920
2135
9749
1506
199
12
3596
3469
248
7191
4822
1464
4922
2925
620
1398
7534
5337
7754
3684
8094
5968
5785
9134
2191
2991
1416
6461
7373
500
1325
7644
4642
8708
5601
3287
1342
382
8290
794
9481
7532
8087
88
2906
946
9738
8554
3291
7942
2513
5124
4752
9357
2244
6132
4596
9697
9186
3855
6080
2410
364
3763
7507
4053
9852
3091
8597
2738
9572
3485
5031
1368
5196
3741
7232
6306
4718
4015
25
9039
2854
2467
9477
2874
8773
2489
8724
3326
5766
2581
3171
2428
9023
7198
6115
8818
5035
6032
605
3392
6251
1815
799
3306
4003
9746
2473
7453
8558
2629
9284
3553
3714
3794
711
7731
1030
7828
449
4422
5720
192
8849
6450
4276
2184
7544
191
8563
645
2560
8784
2984
3405
4606
7680
2808
2929
185
9302
3345
5334
8858
584
6756
4478
5206
7030
4320
2198
5217
2395
9676
4727
4500
9674
3769
8779
3454
5657
9004
2979
5476
9449
9498
6876
7459
5913
7934
3167
8812
6092
7401
9399
6451
5478
3776
7131
M 6390 7410
S 1605 378
M 6325 6791
M 208 6074
M 3421 6750
S 330 17
M 2230 2682
S 7459 951
S 2845 891
S 6914 84
S 744 852
S 6976 300
M 1265 3245
S 2404 756
M 5525 6211
M 3259 6296
S 326 723
S 5709 947
S 6641 208
M 6209 6971
M 1073 1653
M 3354 4176
S 4693 458
S 3792 923
S 8 348
S 2742 339
M 195 2151
M 6588 7089
S 814 402
S 1634 560
S 3104 462
M 2994 3755
M 599 4348
S 4847 245
M 5310 6068
S 15 996
S 2254 96
M 4300 7404
S 3055 717
S 6875 306
S 116 848
M 1833 3390
S 2248 962
M 487 1576
S 1908 559
S 3993 607
S 1743 551
M 1735 3184
S 2493 801
M 3472 5741
S 2181 102
S 247 468
S 6524 437
S 3312 34
M 5375 6028
M 4823 6959
S 2144 384
S 3782 605
M 4834 6517
S 3492 938
S 819 890
S 4026 387
M 5309 7032
M 6097 6140
S 4764 288
M 6945 7067
M 508 3540
M 6882 7100
M 6706 6863
M 5975 6250
S 2226 441
M 3012 6537
M 3784 4770
S 3918 681
S 5365 690
M 4927 5840
S 3683 191
S 2125 455
M 1803 4601
S 4550 159
M 3329 4279
M 2549 6233
S 3223 140
M 3292 6183
S 2786 137
S 3671 994
M 63 7438
M 2325 5647
S 5670 888
M 2042 4233
M 3874 6437
M 2609 6475
S 3763 445
M 5442 5524
M 5712 7036
M 2724 3405
M 7165 7477
M 3898 5001
S 3608 39
M 5664 7232
END
0
