Case 1:
4913359
6582694
8906389
9821467
7253603
14057957
6600256
21368391
9153846
3510804
18167571
1270678
2306739
917743
983067
5727218
7101073
18714776
15620594
1036778
16741945
1473654
6782653
14559144
192391
553023
8400126
5497029
4736594
3589559
117180
1005182
10065830
21685102
3312814
16685451
4366233
6326475
18199919
5697660
8623
9918460
7442129
12985768
9817548
22102
3134521

Case 2:
4465871
14495574
1763020
6530753
2943932
2480750
182397
2923311
5854676
7659262
2110735
2453901
8973808
8475558
78640
21619
4894244
1926604
3137842
5171902
11195025
1773055
671161
2509803
9905778
12388364
975476
31153
11460647
2892068
393193
12576597
5276296
6185090
7544511
391764
13526462
4534365
2808044
166501
2764154
1014965
340532
2460549
4551710
1136072

Case 3:
5017368
2364429
29114743
16631812
2233211
9822448
3507991
15096938
3794834
2940470
4074217
9751230
2379992
3705487
18407387
3831055
15357102
7621159
5342609
7091661
11218969
3335059
10729224
8510394
8588425
211554
537680
14873672
965235
806407
1369307
17537780
4852367
4611074
13724861
4707593
18191810
14324225
36334825
16332795
10690742
12794037
19117616
411838
6602925
3310241
1506891
5452667
7752473
