15
42
0 -9
-13 16
27 12
-17 -2
17 -28
6 17
-9 25
13 4
13 8
19 -2
-23 0
30 -9
-13 10
6 3
-10 20
-18 22
-21 1
6 -26
-19 21
4 30
25 -22
15 -15
-29 -4
21 16
-28 9
-18 -19
-23 -20
5 -4
22 -21
31 -20
31 -19
-30 -22
15 8
-16 28
-2 20
27 -9
30 10
8 -31
-25 -2
17 -21
-25 31
-7 -16
12
30 12
-30 -23
11 -17
-24 25
-15 -14
8 26
2 4
-8 -10
-1 15
-12 -22
-8 -11
-15 22
6
-4 29
-27 21
-19 -15
19 25
-12 28
4 3
4
-3 20
-10 -27
14 24
10 -26
14
-23 22
2 -13
-18 23
4 -28
29 -31
-31 -29
22 -18
-12 10
-25 8
6 11
-21 11
-23 -32
-31 -18
14 26
56
21 -24
-30 11
11 -11
25 2
26 29
0 27
30 3
17 -20
23 -5
-13 0
-30 30
11 13
-25 11
14 -10
-6 8
-18 -17
17 -16
26 -4
6 19
30 0
16 -2
-5 14
-31 -20
26 25
8 -19
-7 10
-21 -28
-9 -13
16 -27
9 -22
14 23
-7 -1
-24 -13
27 14
-26 25
-18 22
-8 9
4 -7
21 -2
-14 -3
11 11
-25 22
-23 0
4 18
10 -14
10 -29
17 18
-10 12
0 -4
5 14
-14 29
-9 22
-9 -20
-12 9
10 31
-11 17
53
-27 -16
31 5
20 17
-17 -26
-5 -14
23 -19
8 3
13 -28
-24 -5
-10 -26
18 -20
-3 31
0 -26
9 -1
-5 -6
-12 0
10 -13
-27 -2
-27 -12
4 0
6 -5
14 -18
30 -5
-14 -25
23 8
-19 9
20 10
8 -12
16 -15
19 -20
12 -24
12 -10
-5 18
21 0
-26 -7
-31 13
21 15
27 19
-22 -18
26 -31
22 -25
11 11
17 -13
31 2
5 19
14 -15
27 -6
7 -10
-20 -4
23 -13
22 24
-32 11
7 27
30
17 -23
-7 19
-32 0
-2 11
-14 17
10 20
-10 -3
2 7
-8 28
-17 15
-23 11
6 -4
1 -2
-4 -20
-27 -9
11 22
1 -28
9 1
4 -25
-20 22
25 22
10 -17
-12 -20
23 12
-23 -26
-5 -14
17 -31
14 -13
-1 -22
-1 4
33
-22 -5
-30 -18
-28 3
19 -20
15 9
-27 6
-12 -12
26 0
-21 6
9 -15
-30 27
-29 -29
9 -10
3 19
21 -25
-11 -32
2 -9
-18 7
27 -31
19 10
11 24
-16 31
-20 -22
-1 -8
17 -23
9 19
-28 12
22 14
-30 -7
1 24
1 22
24 -29
-18 -26
42
-23 -24
-3 19
19 -11
-28 18
2 -18
-15 26
31 -6
3 18
-1 -16
9 -19
-14 -30
14 -22
3 5
-30 7
19 -23
-15 28
-15 15
15 -28
-28 19
22 6
-30 -25
0 -31
2 -28
20 -31
-12 -3
-18 6
-1 28
17 -29
1 19
10 -12
28 27
-16 -19
10 -32
19 -25
-11 21
-17 22
23 17
26 11
18 -18
-24 -32
20 7
28 5
42
-2 -7
-12 18
-11 -16
-29 3
26 -29
20 9
22 28
31 12
-21 21
3 28
15 -18
14 29
-10 14
17 29
10 -9
8 -24
16 28
27 -27
-20 30
8 -25
-31 -3
16 23
-7 15
3 4
4 -26
0 -13
-12 -18
-16 10
28 -30
8 6
-7 -16
15 -23
-20 10
-18 -7
8 23
0 9
-12 -16
0 13
-32 -28
-15 4
-22 17
24 -1
63
-24 -23
27 -22
17 1
3 -31
-16 12
-18 26
27 7
2 18
-25 -21
-26 -9
12 19
-9 16
-28 28
26 21
20 -7
20 28
3 15
-25 -12
-16 10
-10 1
-9 4
-5 -14
-21 30
-28 -14
-23 -22
9 21
29 -31
5 -31
29 0
22 17
25 10
13 -4
-7 20
17 9
-1 -25
-22 22
11 6
-24 22
4 -20
-24 13
-10 17
3 -13
18 -24
-12 15
8 -22
0 2
20 -18
30 -19
-30 15
22 1
22 -31
-9 1
7 -1
-9 -21
11 -1
24 -31
-15 -5
-12 -29
4 8
19 -20
18 -13
14 6
1 13
51
4 -4
10 -27
-13 11
-3 20
-14 28
-20 -3
8 11
-11 9
28 17
30 -32
-11 6
19 1
-7 -26
-16 31
8 29
19 -20
-7 -3
-15 12
-24 14
1 -6
11 13
23 -13
-8 -20
28 -11
29 26
-11 -14
1 -24
20 26
-18 -28
25 22
-31 12
-30 -6
-23 -12
-25 -15
-30 8
-11 2
-32 13
15 29
-30 12
23 -9
31 -8
-1 19
-14 14
23 -20
4 24
24 7
-14 -30
27 -7
-13 29
-31 31
11 -10
33
11 -28
-16 8
-26 29
0 -2
28 24
29 15
-21 11
6 -9
-16 -2
-17 23
16 -15
18 -22
5 15
-21 4
-6 2
-27 -26
6 -10
14 12
-13 -18
-22 -17
-25 -24
30 -14
19 4
9 -29
-30 24
26 18
-22 12
28 15
-4 -24
-13 22
10 -8
28 -16
14 11
60
-31 25
-25 -16
-32 -17
-18 -14
-30 18
27 -26
20 20
-32 7
30 13
3 13
-23 11
-32 31
-11 -8
28 5
-25 7
2 -24
0 9
-7 1
24 7
19 26
-6 15
-32 -18
3 -31
21 1
14 -7
-18 23
-28 -18
22 -6
6 18
31 13
22 26
-22 -17
-5 -30
22 -18
29 -16
29 29
-1 0
30 -12
-31 12
13 -17
3 18
-3 -6
-20 -28
-20 -21
17 6
13 7
0 23
22 27
26 13
-23 23
29 -25
20 -4
7 19
17 9
-1 -2
24 -29
-16 -10
-3 -4
-6 9
8 -21
